-8.522
-8.521
-8.518
-8.517
-8.516
-8.515
-8.513
-8.513
-8.508
-8.507
-8.505
-8.505
-8.505
-8.504
-8.503
-8.503
-8.502
-8.5
-8.5
-8.499
-8.499
-8.499
-8.499
-8.495
-8.494
-8.49
-8.489
-8.488
-8.486
-8.484
-8.484
-8.483
-8.482
-8.478
-8.421
-8.414
-8.414
-8.413
-8.412
-8.406
-8.406
-8.406
-8.405
-8.404
-8.404
-8.404
-8.402
-8.401
-8.401
-8.4
-8.399
-8.399
-8.397
-8.397
-8.397
-8.396
-8.396
-8.396
-8.396
-8.395
-8.395
-8.394
-8.389
-8.389
-8.388
-8.387
-8.384
-8.122
-8.118
-8.114
-8.108
-8.107
-8.105
-8.104
-8.103
-8.102
-8.099
-8.098
-8.098
-8.098
-8.097
-8.097
-8.097
-8.097
-8.096
-8.095
-8.095
-8.095
-8.094
-8.094
-8.093
-8.093
-8.093
-8.093
-8.092
-8.09
-8.089
-8.089
-8.088
-8.088
-8.019
-8.019
-8.017
-8.017
-8.016
-8.011
-8.007
-8.005
-8.005
-8.004
-8.004
-8.004
-8.004
-8.003
-8.003
-8.002
-8.001
-8
-8
-8
-7.998
-7.995
-7.995
-7.993
-7.993
-7.992
-7.991
-7.989
-7.988
-7.983
-7.983
-7.974
-7.721
-7.713
-7.708
-7.707
-7.706
-7.706
-7.706
-7.705
-7.704
-7.703
-7.703
-7.703
-7.701
-7.7
-7.698
-7.698
-7.698
-7.698
-7.697
-7.696
-7.696
-7.696
-7.694
-7.694
-7.693
-7.692
-7.692
-7.69
-7.689
-7.689
-7.688
-7.685
-7.684
-7.63
-7.624
-7.62
-7.619
-7.615
-7.611
-7.611
-7.61
-7.607
-7.605
-7.604
-7.604
-7.604
-7.603
-7.603
-7.602
-7.602
-7.601
-7.599
-7.596
-7.595
-7.594
-7.593
-7.592
-7.592
-7.589
-7.588
-7.587
-7.586
-7.581
-7.581
-7.579
-7.578
-7.578
-7.316
-7.314
-7.312
-7.311
-7.309
-7.309
-7.307
-7.305
-7.304
-7.304
-7.304
-7.302
-7.3
-7.299
-7.299
-7.297
-7.296
-7.295
-7.295
-7.295
-7.295
-7.294
-7.293
-7.292
-7.291
-7.291
-7.29
-7.289
-7.289
-7.287
-7.285
-7.284
-7.221
-7.215
-7.215
-7.214
-7.213
-7.211
-7.211
-7.207
-7.207
-7.207
-7.207
-7.204
-7.203
-7.203
-7.202
-7.202
-7.201
-7.2
-7.199
-7.198
-7.197
-7.197
-7.195
-7.195
-7.194
-7.194
-7.192
-7.192
-7.191
-7.191
-7.183
-7.182
-6.917
-6.916
-6.915
-6.912
-6.91
-6.909
-6.909
-6.909
-6.909
-6.906
-6.905
-6.905
-6.904
-6.904
-6.902
-6.902
-6.902
-6.901
-6.9
-6.898
-6.897
-6.897
-6.896
-6.893
-6.891
-6.891
-6.89
-6.886
-6.885
-6.885
-6.818
-6.813
-6.811
-6.81
-6.807
-6.807
-6.807
-6.807
-6.806
-6.805
-6.805
-6.805
-6.805
-6.804
-6.804
-6.8
-6.799
-6.797
-6.797
-6.797
-6.795
-6.795
-6.795
-6.793
-6.792
-6.791
-6.788
-6.787
-6.785
-6.782
-6.779
-6.779
-6.514
-6.511
-6.508
-6.508
-6.508
-6.508
-6.504
-6.503
-6.503
-6.502
-6.502
-6.502
-6.499
-6.499
-6.497
-6.497
-6.497
-6.496
-6.496
-6.496
-6.496
-6.494
-6.493
-6.493
-6.493
-6.492
-6.49
-6.489
-6.487
-6.484
-6.419
-6.416
-6.413
-6.411
-6.406
-6.406
-6.405
-6.404
-6.403
-6.401
-6.401
-6.4
-6.4
-6.4
-6.399
-6.397
-6.397
-6.397
-6.396
-6.396
-6.396
-6.393
-6.391
-6.389
-6.388
-6.384
-6.381
-6.378
-6.376
-6.375
-6.374
-6.374
-6.189
-6.132
-6.123
-6.116
-6.115
-6.114
-6.111
-6.11
-6.11
-6.109
-6.108
-6.104
-6.104
-6.103
-6.103
-6.102
-6.101
-6.101
-6.101
-6.099
-6.099
-6.098
-6.097
-6.096
-6.096
-6.096
-6.095
-6.094
-6.094
-6.089
-6.089
-6.089
-6.088
-6.087
-6.087
-6.087
-6.085
-6.076
-6.023
-6.021
-6.017
-6.015
-6.013
-6.013
-6.013
-6.013
-6.011
-6.01
-6.01
-6.008
-6.007
-6.006
-6.006
-6.005
-6.005
-6.004
-6.003
-6.002
-6.002
-6.002
-6
-6
-6
-5.999
-5.999
-5.999
-5.998
-5.998
-5.998
-5.997
-5.996
-5.995
-5.993
-5.993
-5.991
-5.989
-5.728
-5.717
-5.713
-5.713
-5.711
-5.71
-5.71
-5.709
-5.708
-5.706
-5.705
-5.704
-5.704
-5.703
-5.7
-5.7
-5.699
-5.698
-5.698
-5.697
-5.697
-5.696
-5.696
-5.696
-5.695
-5.695
-5.694
-5.692
-5.692
-5.692
-5.692
-5.688
-5.688
-5.684
-5.681
-5.68
-5.619
-5.616
-5.615
-5.614
-5.613
-5.611
-5.608
-5.607
-5.607
-5.603
-5.603
-5.602
-5.602
-5.601
-5.601
-5.6
-5.598
-5.597
-5.596
-5.596
-5.596
-5.595
-5.593
-5.592
-5.591
-5.59
-5.589
-5.589
-5.589
-5.589
-5.587
-5.585
-5.585
-5.585
-5.583
-5.576
-5.317
-5.313
-5.311
-5.31
-5.309
-5.307
-5.306
-5.306
-5.303
-5.302
-5.301
-5.299
-5.298
-5.298
-5.298
-5.298
-5.297
-5.297
-5.297
-5.296
-5.296
-5.296
-5.295
-5.295
-5.294
-5.293
-5.292
-5.292
-5.288
-5.287
-5.282
-5.277
-5.277
-5.275
-5.214
-5.213
-5.212
-5.21
-5.209
-5.208
-5.207
-5.206
-5.206
-5.205
-5.204
-5.204
-5.203
-5.202
-5.202
-5.2
-5.198
-5.195
-5.195
-5.194
-5.194
-5.194
-5.194
-5.193
-5.193
-5.193
-5.192
-5.192
-5.191
-5.191
-5.177
-5.177
-5.177
-4.919
-4.919
-4.918
-4.918
-4.917
-4.915
-4.915
-4.913
-4.912
-4.912
-4.909
-4.908
-4.907
-4.907
-4.906
-4.904
-4.902
-4.9
-4.898
-4.898
-4.895
-4.894
-4.892
-4.892
-4.892
-4.891
-4.891
-4.889
-4.889
-4.884
-4.882
-4.816
-4.816
-4.811
-4.81
-4.809
-4.808
-4.807
-4.806
-4.805
-4.805
-4.804
-4.804
-4.803
-4.803
-4.803
-4.803
-4.802
-4.801
-4.8
-4.8
-4.798
-4.797
-4.794
-4.794
-4.794
-4.794
-4.793
-4.793
-4.792
-4.789
-4.78
-4.778
-4.521
-4.518
-4.515
-4.512
-4.512
-4.51
-4.509
-4.509
-4.508
-4.508
-4.505
-4.504
-4.503
-4.502
-4.499
-4.499
-4.498
-4.498
-4.498
-4.497
-4.495
-4.494
-4.494
-4.494
-4.489
-4.485
-4.479
-4.414
-4.413
-4.408
-4.407
-4.406
-4.406
-4.404
-4.403
-4.403
-4.403
-4.403
-4.402
-4.401
-4.4
-4.399
-4.398
-4.395
-4.395
-4.394
-4.393
-4.392
-4.391
-4.388
-4.386
-4.382
-4.381
-4.327
-4.119
-4.116
-4.112
-4.111
-4.11
-4.107
-4.106
-4.106
-4.105
-4.104
-4.104
-4.103
-4.103
-4.1
-4.099
-4.099
-4.099
-4.098
-4.097
-4.092
-4.09
-4.09
-4.089
-4.089
-4.087
-4.082
-4.082
-4.019
-4.014
-4.014
-4.01
-4.008
-4.006
-4.005
-4.004
-4.004
-4.002
-4.002
-4.002
-4
-3.999
-3.997
-3.994
-3.994
-3.993
-3.993
-3.993
-3.989
-3.987
-3.986
-3.978
-3.718
-3.717
-3.715
-3.715
-3.709
-3.706
-3.705
-3.702
-3.702
-3.701
-3.698
-3.697
-3.697
-3.697
-3.697
-3.694
-3.693
-3.692
-3.689
-3.689
-3.688
-3.687
-3.684
-3.683
-3.682
-3.681
-3.618
-3.611
-3.608
-3.606
-3.605
-3.604
-3.603
-3.602
-3.601
-3.601
-3.6
-3.599
-3.597
-3.597
-3.597
-3.596
-3.596
-3.595
-3.595
-3.59
-3.587
-3.587
-3.586
-3.581
-3.572
-3.328
-3.323
-3.316
-3.312
-3.309
-3.308
-3.306
-3.306
-3.305
-3.304
-3.302
-3.301
-3.299
-3.298
-3.297
-3.297
-3.295
-3.293
-3.293
-3.292
-3.289
-3.289
-3.287
-3.287
-3.215
-3.214
-3.214
-3.214
-3.214
-3.213
-3.213
-3.21
-3.209
-3.204
-3.202
-3.202
-3.197
-3.197
-3.197
-3.196
-3.195
-3.194
-3.193
-3.193
-3.192
-3.191
-3.187
-3.187
-2.925
-2.914
-2.911
-2.91
-2.909
-2.908
-2.905
-2.905
-2.905
-2.904
-2.903
-2.903
-2.903
-2.901
-2.899
-2.897
-2.896
-2.896
-2.895
-2.892
-2.89
-2.89
-2.89
-2.885
-2.884
-2.818
-2.817
-2.811
-2.809
-2.807
-2.806
-2.806
-2.806
-2.801
-2.801
-2.801
-2.8
-2.8
-2.799
-2.798
-2.797
-2.796
-2.792
-2.789
-2.789
-2.788
-2.788
-2.783
-2.783
-2.527
-2.522
-2.519
-2.514
-2.51
-2.509
-2.508
-2.507
-2.505
-2.502
-2.502
-2.499
-2.499
-2.498
-2.498
-2.497
-2.496
-2.496
-2.496
-2.495
-2.494
-2.492
-2.492
-2.49
-2.489
-2.488
-2.433
-2.419
-2.413
-2.413
-2.411
-2.41
-2.41
-2.404
-2.404
-2.402
-2.402
-2.401
-2.401
-2.4
-2.4
-2.399
-2.398
-2.397
-2.396
-2.396
-2.394
-2.393
-2.39
-2.389
-2.385
-2.117
-2.11
-2.106
-2.105
-2.1
-2.1
-2.099
-2.099
-2.099
-2.098
-2.098
-2.097
-2.097
-2.096
-2.094
-2.093
-2.093
-2.093
-2.091
-2.09
-2.088
-2.088
-2.085
-2.084
-2.084
-2.076
-2.024
-2.013
-2.011
-2.011
-2.01
-2.009
-2.006
-2.005
-2.005
-2.004
-2.003
-2.003
-2.002
-2.001
-2.001
-2
-2
-1.999
-1.999
-1.999
-1.999
-1.998
-1.997
-1.991
-1.987
-1.986
-1.985
-1.714
-1.708
-1.708
-1.708
-1.707
-1.705
-1.704
-1.703
-1.702
-1.701
-1.701
-1.699
-1.699
-1.699
-1.698
-1.698
-1.698
-1.695
-1.695
-1.695
-1.694
-1.693
-1.692
-1.692
-1.691
-1.691
-1.687
-1.681
-1.614
-1.611
-1.611
-1.609
-1.607
-1.604
-1.603
-1.603
-1.603
-1.603
-1.602
-1.602
-1.597
-1.597
-1.597
-1.596
-1.596
-1.594
-1.594
-1.593
-1.592
-1.59
-1.586
-1.584
-1.581
-1.578
-1.575
-1.317
-1.315
-1.315
-1.315
-1.313
-1.312
-1.31
-1.306
-1.304
-1.302
-1.3
-1.299
-1.297
-1.297
-1.295
-1.295
-1.295
-1.294
-1.292
-1.292
-1.292
-1.291
-1.29
-1.289
-1.288
-1.285
-1.282
-1.22
-1.215
-1.215
-1.215
-1.212
-1.211
-1.209
-1.209
-1.208
-1.208
-1.207
-1.206
-1.206
-1.205
-1.204
-1.203
-1.202
-1.202
-1.201
-1.201
-1.199
-1.198
-1.191
-1.19
-1.189
-1.188
-1.187
-1.186
-1.185
-1.179
-1.144
-0.9256
-0.9145
-0.9131
-0.913
-0.9125
-0.9109
-0.9109
-0.9088
-0.9077
-0.9051
-0.9015
-0.9009
-0.9004
-0.9
-0.8995
-0.8987
-0.8986
-0.8968
-0.8955
-0.8948
-0.8946
-0.893
-0.8929
-0.8924
-0.8899
-0.887
-0.8851
-0.8849
-0.8849
-0.878
-0.823
-0.8178
-0.8151
-0.8139
-0.8085
-0.8083
-0.8076
-0.8064
-0.8063
-0.8059
-0.8053
-0.8052
-0.8047
-0.8047
-0.8043
-0.8041
-0.804
-0.8037
-0.8034
-0.8031
-0.8026
-0.7979
-0.7972
-0.7954
-0.7953
-0.7924
-0.7907
-0.7887
-0.7848
-0.5208
-0.5107
-0.5088
-0.5088
-0.5084
-0.5082
-0.5078
-0.506
-0.5045
-0.5035
-0.5031
-0.5019
-0.5017
-0.5012
-0.5002
-0.5001
-0.499
-0.496
-0.4951
-0.4919
-0.4919
-0.4916
-0.4912
-0.4888
-0.4875
-0.4859
-0.4842
-0.4833
-0.483
-0.4815
-0.4814
-0.421
-0.4173
-0.4153
-0.4136
-0.4135
-0.4116
-0.4086
-0.4084
-0.4079
-0.4058
-0.4053
-0.4036
-0.4035
-0.4034
-0.4033
-0.4023
-0.4014
-0.4008
-0.4005
-0.3994
-0.3973
-0.396
-0.3956
-0.3956
-0.3953
-0.3943
-0.3922
-0.3909
-0.3873
-0.3848
-0.3819
-0.3767
-0.1298
-0.1141
-0.1109
-0.1083
-0.1074
-0.1069
-0.1048
-0.1045
-0.1043
-0.1039
-0.1028
-0.1026
-0.1024
-0.1
-0.1
-0.09987
-0.09939
-0.09704
-0.09696
-0.09691
-0.09669
-0.09665
-0.09594
-0.09488
-0.0945
-0.09395
-0.09278
-0.09189
-0.09162
-0.0908
-0.08622
-0.07423
-0.066
-0.01819
-0.01795
-0.01611
-0.01406
-0.01343
-0.0124
-0.01139
-0.01025
-0.009339
-0.009055
-0.006134
-0.005706
-0.005671
-0.005153
-0.004899
-0.004205
-0.003869
-0.0034
-0.003326
0.001638
0.003198
0.003205
0.005212
0.005221
0.008044
0.009351
0.01018
0.01287
0.01325
0.01417
0.02057
0.02259
0.02567
0.2626
0.2715
0.2851
0.2868
0.288
0.2891
0.2913
0.2927
0.2932
0.2933
0.2939
0.2965
0.2968
0.2977
0.2981
0.2983
0.2988
0.2991
0.2995
0.2996
0.3002
0.3003
0.305
0.3051
0.3074
0.3075
0.3084
0.3093
0.3097
0.3108
0.3117
0.3122
0.3194
0.3208
0.3814
0.3819
0.3842
0.3892
0.3894
0.3899
0.3908
0.3928
0.393
0.3931
0.3931
0.394
0.3949
0.3969
0.3974
0.3978
0.3983
0.4011
0.4018
0.4021
0.4022
0.4023
0.4034
0.4035
0.404
0.4046
0.4049
0.4054
0.4059
0.406
0.407
0.4075
0.4088
0.4121
0.6678
0.6838
0.6848
0.686
0.6878
0.6896
0.6925
0.694
0.6951
0.6961
0.6971
0.6973
0.6974
0.6976
0.6987
0.6999
0.7003
0.7004
0.7005
0.7018
0.7024
0.7027
0.7056
0.7072
0.7086
0.7097
0.7099
0.7113
0.7148
0.7156
0.7206
0.7221
0.7806
0.7807
0.7818
0.7842
0.7845
0.7906
0.7922
0.7926
0.7934
0.7952
0.7959
0.7969
0.7973
0.7975
0.7984
0.7994
0.8001
0.8003
0.8013
0.8014
0.8015
0.8023
0.8049
0.8064
0.8076
0.8081
0.8088
0.8095
0.811
0.8119
0.8138
0.8149
0.8162
0.8165
1.077
1.083
1.084
1.085
1.088
1.088
1.09
1.091
1.091
1.091
1.092
1.092
1.092
1.095
1.095
1.096
1.098
1.098
1.098
1.098
1.099
1.099
1.1
1.102
1.102
1.104
1.104
1.104
1.105
1.108
1.108
1.108
1.109
1.115
1.119
1.174
1.187
1.187
1.188
1.189
1.189
1.19
1.191
1.191
1.192
1.194
1.194
1.198
1.199
1.2
1.2
1.2
1.2
1.201
1.201
1.201
1.201
1.202
1.203
1.203
1.203
1.205
1.205
1.206
1.206
1.207
1.211
1.212
1.214
1.216
1.484
1.488
1.489
1.49
1.49
1.492
1.492
1.492
1.492
1.493
1.494
1.494
1.495
1.495
1.495
1.496
1.496
1.497
1.497
1.498
1.499
1.499
1.499
1.5
1.501
1.504
1.504
1.504
1.505
1.506
1.507
1.51
1.511
1.514
1.518
1.521
1.582
1.589
1.589
1.592
1.593
1.593
1.594
1.595
1.595
1.595
1.597
1.597
1.598
1.599
1.599
1.6
1.6
1.601
1.602
1.603
1.607
1.607
1.609
1.611
1.611
1.612
1.612
1.613
1.614
1.615
1.617
1.619
1.619
1.623
1.625
1.625
1.883
1.883
1.884
1.888
1.889
1.889
1.889
1.891
1.893
1.894
1.894
1.894
1.896
1.896
1.898
1.898
1.899
1.9
1.901
1.902
1.903
1.904
1.904
1.904
1.904
1.904
1.904
1.905
1.906
1.907
1.908
1.908
1.912
1.913
1.914
1.914
1.971
1.976
1.984
1.985
1.99
1.992
1.992
1.994
1.995
1.995
1.995
1.997
1.997
1.997
1.998
1.998
1.999
2
2
2.001
2.001
2.002
2.003
2.004
2.006
2.006
2.007
2.008
2.008
2.009
2.009
2.01
2.011
2.015
2.017
2.019
2.279
2.28
2.286
2.288
2.289
2.289
2.293
2.295
2.295
2.296
2.297
2.297
2.297
2.298
2.298
2.299
2.299
2.3
2.301
2.302
2.302
2.305
2.306
2.308
2.309
2.31
2.31
2.311
2.311
2.312
2.316
2.318
2.32
2.323
2.325
2.387
2.387
2.388
2.389
2.39
2.39
2.391
2.392
2.392
2.393
2.393
2.394
2.394
2.395
2.396
2.396
2.396
2.396
2.396
2.398
2.399
2.399
2.401
2.402
2.404
2.405
2.405
2.406
2.406
2.407
2.407
2.408
2.408
2.411
2.412
2.416
2.664
2.673
2.683
2.685
2.686
2.687
2.687
2.687
2.687
2.687
2.688
2.689
2.692
2.692
2.692
2.694
2.695
2.696
2.696
2.696
2.703
2.704
2.704
2.705
2.705
2.707
2.707
2.708
2.708
2.71
2.711
2.712
2.716
2.718
2.719
2.775
2.779
2.783
2.785
2.785
2.787
2.788
2.789
2.791
2.798
2.799
2.799
2.799
2.799
2.803
2.803
2.804
2.805
2.805
2.805
2.806
2.807
2.807
2.808
2.808
2.808
2.809
2.809
2.81
2.811
2.811
2.811
2.811
2.817
2.818
2.823
3.078
3.083
3.084
3.089
3.09
3.09
3.09
3.093
3.093
3.094
3.095
3.095
3.095
3.096
3.098
3.099
3.099
3.1
3.1
3.101
3.101
3.103
3.103
3.105
3.105
3.107
3.107
3.108
3.111
3.113
3.114
3.114
3.117
3.119
3.12
3.185
3.187
3.189
3.189
3.19
3.19
3.19
3.192
3.194
3.194
3.196
3.196
3.198
3.198
3.199
3.2
3.2
3.201
3.202
3.202
3.202
3.203
3.206
3.206
3.207
3.207
3.208
3.212
3.212
3.213
3.214
3.216
3.218
3.218
3.222
3.481
3.482
3.485
3.485
3.485
3.486
3.486
3.49
3.491
3.494
3.494
3.495
3.495
3.496
3.497
3.497
3.499
3.5
3.502
3.502
3.502
3.503
3.504
3.504
3.504
3.505
3.507
3.508
3.508
3.511
3.513
3.514
3.516
3.52
3.577
3.578
3.58
3.586
3.592
3.593
3.594
3.595
3.596
3.597
3.598
3.599
3.6
3.602
3.603
3.603
3.603
3.604
3.605
3.606
3.607
3.607
3.607
3.608
3.608
3.608
3.608
3.61
3.611
3.611
3.613
3.613
3.613
3.618
3.883
3.884
3.887
3.887
3.888
3.888
3.888
3.888
3.888
3.891
3.891
3.893
3.893
3.894
3.895
3.895
3.895
3.897
3.897
3.899
3.901
3.902
3.904
3.905
3.906
3.908
3.909
3.909
3.91
3.916
3.918
3.92
3.922
3.977
3.984
3.987
3.987
3.987
3.99
3.991
3.994
3.996
3.996
3.996
3.996
3.997
3.998
3.998
3.999
4
4
4.001
4.002
4.003
4.003
4.005
4.007
4.007
4.007
4.009
4.011
4.012
4.015
4.016
4.017
4.024
4.025
4.033
4.279
4.283
4.284
4.288
4.288
4.289
4.292
4.293
4.293
4.293
4.294
4.296
4.297
4.297
4.298
4.299
4.299
4.3
4.301
4.303
4.304
4.304
4.306
4.306
4.307
4.307
4.307
4.308
4.31
4.31
4.311
4.313
4.315
4.318
4.374
4.384
4.387
4.389
4.39
4.393
4.394
4.395
4.395
4.395
4.396
4.397
4.397
4.398
4.399
4.4
4.401
4.401
4.402
4.402
4.403
4.403
4.403
4.404
4.405
4.408
4.408
4.408
4.411
4.411
4.413
4.416
4.418
4.6
4.673
4.681
4.684
4.686
4.688
4.688
4.688
4.69
4.692
4.696
4.696
4.699
4.699
4.701
4.701
4.701
4.703
4.705
4.708
4.708
4.71
4.71
4.711
4.712
4.712
4.714
4.715
4.717
4.717
4.72
4.767
4.777
4.783
4.785
4.786
4.788
4.789
4.79
4.792
4.795
4.797
4.797
4.797
4.8
4.8
4.801
4.803
4.804
4.804
4.806
4.809
4.809
4.81
4.811
4.811
4.812
4.813
4.813
4.814
4.814
4.817
4.818
5.076
5.082
5.083
5.086
5.087
5.092
5.093
5.093
5.093
5.094
5.094
5.095
5.095
5.096
5.097
5.102
5.102
5.102
5.102
5.103
5.107
5.108
5.108
5.108
5.11
5.112
5.115
5.116
5.121
5.187
5.187
5.188
5.189
5.191
5.193
5.194
5.195
5.195
5.195
5.195
5.196
5.199
5.199
5.201
5.201
5.202
5.202
5.204
5.206
5.206
5.207
5.207
5.212
5.212
5.215
5.217
5.333
5.417
5.482
5.484
5.488
5.49
5.491
5.491
5.492
5.492
5.498
5.499
5.499
5.5
5.501
5.503
5.505
5.505
5.506
5.507
5.511
5.511
5.511
5.512
5.516
5.517
5.586
5.587
5.589
5.59
5.59
5.593
5.593
5.594
5.596
5.597
5.598
5.599
5.599
5.6
5.6
5.601
5.602
5.602
5.602
5.602
5.604
5.614
5.616
5.887
5.888
5.89
5.892
5.893
5.893
5.894
5.894
5.896
5.897
5.897
5.899
5.902
5.903
5.903
5.904
5.904
5.905
5.908
5.909
5.911
5.913
5.917
5.982
5.985
5.985
5.986
5.987
5.988
5.988
5.995
5.996
5.997
5.999
6
6
6.001
6.002
6.003
6.004
6.004
6.007
6.009
6.009
6.014
6.204
6.284
6.285
6.289
6.294
6.297
6.297
6.299
6.3
6.302
6.302
6.305
6.305
6.307
6.309
6.31
6.315
6.319
6.324
6.382
6.385
6.388
6.393
6.394
6.396
6.397
6.4
6.403
6.403
6.403
6.404
6.405
6.405
6.408
6.409
6.409
6.411
6.412
6.419
6.42
6.686
6.69
6.691
6.692
6.692
6.695
6.696
6.697
6.697
6.698
6.699
6.7
6.703
6.705
6.705
6.705
6.71
6.711
6.783
6.789
6.79
6.79
6.791
6.793
6.795
6.796
6.798
6.799
6.8
6.801
6.802
6.802
6.803
6.809
6.81
6.813
6.816
7.087
7.088
7.089
7.091
7.093
7.093
7.095
7.095
7.097
7.098
7.098
7.099
7.103
7.104
7.105
7.11
7.116
7.183
7.184
7.192
7.201
7.202
7.203
7.204
7.204
7.205
7.205
7.205
7.207
7.208
7.21
7.211
7.212
7.214
7.488
7.489
7.492
7.492
7.492
7.496
7.497
7.498
7.5
7.5
7.501
7.503
7.504
7.508
7.51
7.513
7.574
7.582
7.583
7.588
7.59
7.593
7.594
7.595
7.595
7.599
7.599
7.601
7.604
7.605
7.611
7.614
7.618
7.886
7.889
7.89
7.893
7.893
7.894
7.894
7.896
7.896
7.896
7.9
7.9
7.905
7.907
7.914
7.98
7.993
7.994
7.995
7.995
7.997
7.997
7.998
8
8.002
8.005
8.008
8.008
8.01
8.01
8.014
8.015
8.12
8.128
8.183
8.219
8.222
8.223
8.255
8.282
8.285
8.29
8.292
8.295
8.298
8.301
8.304
8.304
8.305
8.306
8.306
8.31
8.311
8.311
8.313
8.39
8.39
8.391
8.392
8.394
8.396
8.396
8.408
8.41
8.418
8.419
8.421
8.424
8.442
8.548
8.565
8.607
8.682
8.691
8.694
8.696
8.696
8.7
8.7
8.701
8.703
8.711
8.711
8.789
8.798
8.799
8.8
8.801
8.803
8.806
8.811
8.817
8.85
8.863
9.029
9.083
9.083
9.084
9.085
9.095
9.099
9.102
9.109
9.156
9.19
9.195
9.197
9.201
9.203
9.205
9.206
9.21
9.213
9.297
9.418
9.421
9.43
9.478
9.488
9.497
9.5
9.504
9.51
9.511
9.512
9.589
9.592
9.595
9.596
9.597
9.599
9.599
9.601
9.605
9.622
9.63
9.712
9.783
9.834
9.888
9.896
9.901
9.905
9.907
9.911
9.916
9.918
9.934
9.935
9.965
9.979
9.984
9.987
9.988
9.996
9.998
10
10
10
10.01
10.01
10.01
10.01
10.05
10.09
10.2
10.2
10.24
10.24
10.26
10.28
10.29
10.29
10.3
10.3
10.3
10.31
10.31
10.31
10.31
10.31
10.38
10.38
10.39
10.39
10.39
10.4
10.4
10.4
10.41
10.41
10.42
10.5
10.59
10.66
10.66
10.67
10.67
10.67
10.67
10.69
10.69
10.69
10.69
10.7
10.7
10.71
10.71
10.71
10.71
10.71
10.71
10.71
10.72
10.78
10.78
10.79
10.79
10.79
10.79
10.79
10.8
10.8
10.8
10.8
10.8
10.8
10.8
10.81
10.81
10.81
10.82
10.85
10.86
10.93
10.93
10.93
10.98
11.08
11.09
11.09
11.09
11.09
11.1
11.1
11.1
11.1
11.11
11.11
11.11
11.11
11.12
11.13
11.16
11.17
11.17
11.18
11.18
11.19
11.19
11.19
11.19
11.2
11.2
11.2
11.2
11.2
11.2
11.21
11.21
11.21
11.22
11.22
11.35
11.36
11.36
11.45
11.47
11.49
11.49
11.5
11.5
11.5
11.5
11.51
11.52
11.52
11.53
11.55
11.56
11.58
11.59
11.59
11.6
11.6
11.6
11.6
11.61
11.61
11.61
11.63
11.71
11.76
11.85
11.89
11.89
11.9
11.9
11.91
11.91
11.93
11.93
11.97
11.99
11.99
12
12
12.04
12.25
12.29
12.3
12.3
12.3
12.31
12.31
12.38
12.39
12.4
12.4
12.4
12.4
12.4
12.41
12.41
12.46
12.47
12.47
12.5
12.5
12.54
12.55
12.57
12.69
12.69
12.7
12.7
12.71
12.79
12.81
12.81
12.82
12.95
13.09
13.11
13.19
13.19
13.2
13.49
13.5
13.5
13.61
13.61
13.63
13.64
13.77
13.82
13.88
13.89
13.9
13.92
13.99
14
14.01
14.01
14.27
14.29
14.29
14.29
14.3
14.33
14.36
14.38
14.4
14.4
14.41
14.41
14.69
14.69
14.69
14.69
14.7
14.7
14.71
14.78
14.79
14.8
14.8
14.8
14.8
14.84
14.97
15.08
15.08
15.08
15.11
15.13
15.14
15.14
15.2
15.2
15.2
15.22
15.22
15.49
15.49
15.5
15.51
15.51
15.55
15.6
15.6
15.6
15.61
15.62
15.89
15.89
15.9
15.9
15.99
16
16
16
16
16.29
16.29
16.29
16.3
16.3
16.32
16.38
16.38
16.4
16.4
16.4
16.68
16.69
16.69
16.69
16.69
16.7
16.7
16.71
16.71
16.79
16.79
16.79
16.79
16.8
16.8
16.8
16.8
16.8
16.81
17.08
17.09
17.09
17.09
17.1
17.1
17.1
17.1
17.1
17.11
17.11
17.19
17.19
17.2
17.2
17.2
17.2
17.2
17.2
17.2
17.21
17.21
17.21
17.49
17.49
17.49
17.49
17.49
17.49
17.5
17.5
17.51
17.51
17.51
17.51
17.51
17.58
17.59
17.6
17.6
17.6
17.6
17.6
17.6
17.6
17.61
17.61
17.61
17.61
17.61
17.62
17.64
17.88
17.89
17.89
17.89
17.89
17.89
17.9
17.9
17.9
17.9
17.9
17.9
17.9
17.9
17.92
17.97
18
18
18
18
18
18
18
18
18
18.01
18.01
18.02
18.02
18.02
18.27
18.29
18.29
18.29
18.29
18.29
18.29
18.29
18.3
18.3
18.3
18.31
18.31
18.31
18.31
18.33
18.38
18.39
18.39
18.4
18.4
18.4
18.4
18.4
18.4
18.41
18.41
18.41
18.41
18.42
18.42
18.42
18.68
18.69
18.69
18.69
18.69
18.69
18.7
18.7
18.7
18.7
18.7
18.7
18.71
18.71
18.71
18.71
18.72
18.72
18.72
18.78
18.79
18.79
18.79
18.79
18.8
18.8
18.8
18.8
18.8
18.8
18.81
18.81
18.81
18.81
18.81
18.81
18.81
18.81
18.81
18.81
18.81
19.07
19.09
19.09
19.09
19.09
19.09
19.09
19.1
19.1
19.1
19.1
19.1
19.1
19.1
19.1
19.11
19.11
19.11
19.11
19.11
19.11
19.12
19.17
19.18
19.19
19.19
19.19
19.19
19.19
19.19
19.19
19.19
19.19
19.2
19.2
19.2
19.2
19.2
19.2
19.2
19.21
19.21
19.21
19.21
19.22
19.47
19.48
19.49
19.49
19.49
19.49
19.49
19.5
19.5
19.5
19.5
19.5
19.5
19.51
19.51
19.51
19.51
19.51
19.51
19.51
19.51
19.51
19.51
19.58
19.58
19.58
19.58
19.58
19.59
19.59
19.59
19.6
19.6
19.6
19.6
19.6
19.6
19.6
19.61
19.61
19.61
19.61
19.61
19.61
19.61
19.62
19.88
19.89
19.89
19.89
19.89
19.89
19.89
19.9
19.9
19.9
19.9
19.9
19.9
19.91
19.91
19.91
19.91
19.91
19.91
19.91
19.91
19.91
19.99
19.99
19.99
19.99
19.99
19.99
19.99
19.99
20
20
20
20
20
20
20
20.01
20.01
20.01
20.01
20.01
20.01
20.02
20.28
20.28
20.29
20.29
20.29
20.29
20.29
20.29
20.29
20.3
20.3
20.3
20.3
20.3
20.3
20.3
20.3
20.3
20.31
20.31
20.31
20.39
20.39
20.39
20.39
20.39
20.39
20.4
20.4
20.4
20.4
20.4
20.4
20.4
20.41
20.41
20.41
20.41
20.41
20.41
20.42
20.42
20.68
20.68
20.69
20.69
20.69
20.69
20.69
20.7
20.7
20.7
20.7
20.7
20.7
20.7
20.7
20.71
20.71
20.71
20.71
20.71
20.71
20.72
20.72
20.78
20.78
20.78
20.79
20.79
20.79
20.79
20.79
20.79
20.79
20.8
20.8
20.8
20.8
20.8
20.81
20.81
20.81
20.81
20.81
20.82
20.82
21.08
21.08
21.08
21.09
21.09
21.09
21.09
21.09
21.09
21.1
21.1
21.1
21.1
21.1
21.1
21.1
21.1
21.1
21.1
21.11
21.11
21.18
21.18
21.19
21.2
21.2
21.2
21.2
21.2
21.2
21.2
21.2
21.2
21.21
21.21
21.21
21.21
21.22
21.22
21.48
21.5
21.5
21.5
21.5
21.5
21.5
21.51
21.51
21.51
21.51
21.51
21.52
21.52
21.52
21.57
21.59
21.59
21.59
21.6
21.6
21.6
21.61
21.61
21.61
21.61
21.61
21.62
21.63
21.89
21.89
21.89
21.89
21.89
21.9
21.9
21.9
21.9
21.91
21.91
21.99
21.99
21.99
22
22
22
22
22.01
22.01
22.01
22.01
22.01
63.8
59.41
62.99
55.39
64.2
51.4
59.01
49.8
60.21
55.81
62.6
65.02
56.21
64.6
62.2
54.6
57.81
57.41
60.59
50.6
49.39
57
61.4
50.18
49
56.61
58.6
51
55.03
59.81
58.21
61.01
61.8
63.4
49.2
58.39
56.8
55.99
61.59
60.81
49.61
50.4
64.39
59.99
57.6
51.21
50.01
57.2
59.2
50.79
58
59.59
63.61
55.6
56.41
62.01
60.4
64
58.8
55.21
62.8
64.79
63.18
51.6
61.21
65.19
62.4
51.37
65
60.6
56.2
62.21
64.2
63.78
51.78
61.81
59.8
56.99
60.2
57.79
51.01
49.8
58.61
50.19
59.39
49.4
50.59
64.61
58.99
55.8
61.39
61
62.99
55.4
49
62.61
57.4
58.2
56.6
63.41
59.6
62
49.58
50.01
56.39
62.4
60
61.61
64.81
64.42
63.59
59.2
55.6
51.21
57.61
60.78
57.19
58.41
58.01
50.8
49.21
56.79
65.2
51.59
50.41
55.99
61.23
64.01
62.79
60.4
58.79
63.2
50.61
55.79
49.01
62.59
56.2
61
61.4
51.78
57.8
56.59
50.99
58.61
61.79
58.2
59.41
64.99
57
62.22
64.18
60.2
64.62
59
49.4
51.4
60.59
49.8
55.4
63.8
50.2
57.39
59.81
63
63.4
51.19
64.42
57.6
61.61
65.19
60
64.01
63.18
49.19
62.81
49.59
50.8
62.02
59.21
63.61
59.6
55.59
58.81
57.18
56.4
64.79
60.41
62.41
51.99
61.2
60.79
50.39
56.79
51.58
55.18
49.99
58.4
56
58
57
62.98
49
59.39
57.81
51.01
63.39
59.8
58.59
64.21
61.8
50.21
49.82
61.39
62.22
51.39
56.21
65
56.61
60.61
50.6
59
51.79
58.2
61.01
49.41
62.61
64.61
55.42
60.19
63.78
55.81
56.01
65.21
50.8
55.6
62.4
64.4
50.01
64.79
49.2
58.8
56.79
60.82
64
58
49.61
57.2
56.42
60.42
51.61
62.77
52
61.21
61.99
58.39
50.39
63.19
63.59
59.99
59.61
59.21
61.61
51.2
49.4
59.81
51.42
65
64.2
49.01
55.79
59.01
61.39
61
55.38
56.61
50.21
63.01
57.01
62.59
64.6
63.39
51.8
60.59
63.8
57.41
56.19
51
61.8
49.78
60.19
59.39
58.6
50.6
57.2
51.19
55.58
59.22
64.01
51.59
49.2
56.8
61.61
55.2
64.78
63.21
58.4
56.4
59.59
60.39
50.39
52.01
62.4
58.8
56
50
64.39
60.78
49.62
57.59
62.77
60.03
61.19
65.18
63.6
50.8
49.8
63.01
60.59
56.2
50.61
60.22
61.39
50.21
58.58
51.01
59.79
63.39
60.98
48.99
59
51.41
62.58
64.21
55.4
51.81
55.79
61.79
65
59.39
63.8
57.81
56.99
56.6
64.61
49.4
62.01
57.61
64.81
60
64.39
51.21
57.19
49.2
50.79
63.19
64
56
60.8
52.01
51.61
55.58
62.39
50.41
49.6
59.62
65.22
60.38
50.01
58.81
62.79
61.58
61.2
59.2
56.4
58
56.81
63.6
54.05
54.03
63.79
57.8
49.8
64.58
50.98
63.4
62.6
51.41
59.4
61.81
50.19
58.6
57.41
52.19
60.59
63.03
57
49.42
50.6
60.2
61
55.82
61.39
65.01
53.79
58.17
51.79
62.18
55.42
58.99
56.18
53.39
59.81
64.21
52.6
49.01
64.78
57.61
62.41
60.02
54
52
50.79
53.19
53.58
57.2
49.21
50.39
61.99
50
59.59
65.2
58.41
52.79
63.24
55.6
63.99
59.2
62.78
63.58
60.41
61.2
64.4
58
52.39
58.8
51.61
56
55.21
49.6
56.81
60.79
61.6
51.19
53.8
64.6
64.21
65
60.61
63.4
58.62
53.38
51.41
63.01
49.81
50.18
55
59.81
63.79
52.59
61.01
51.81
60.19
58.2
49.39
53
59.4
57
62.61
61.8
50.99
61.38
49
62.22
55.8
54.2
56.21
50.59
59
52.2
62.02
52.79
59.99
49.97
58.39
55.2
65.2
49.6
52
51.61
51.2
58.81
63.21
64.4
64
56.39
60.79
59.2
63.6
53.22
49.2
62.81
50.81
59.62
54.8
53.6
54.01
52.39
61.21
57.98
54.41
50.41
64.81
60.4
62.39
61.58
49.4
54.2
53.81
52.22
61
49.8
59.8
61.8
63.4
53
58.6
60.6
52.6
59.39
63.8
55.81
64.6
49
62.17
55.41
59.01
61.38
51.4
51.79
54.57
64.22
50.59
50.99
64.99
62.61
62.99
60.2
53.4
54.99
51.61
61.59
53.99
58.4
60
49.19
62.82
63.21
49.6
64.4
60.4
50.79
50.41
52.41
60.8
52.77
64.8
63.61
54.42
62
51.2
58.8
59.21
65.2
51.99
62.41
59.6
53.19
61.2
64.01
54.79
53.61
55.19
62.6
55.42
53.81
54.6
52.21
49.01
60.6
61.81
59
50.61
50.2
61
63.78
60.2
49.39
59.8
62.19
64.22
61.4
53.02
51.41
54.2
64.6
65.01
59.4
51
52.59
49.79
63
53.39
63.42
54
53.58
51.59
49.6
64.8
60.81
50.01
60
64.4
65.2
59.59
62.4
52.8
54.39
53.21
59.2
60.4
55.61
55.99
49.17
63.61
61.2
63.2
64
61.98
58.8
61.6
62.79
54.79
51.18
52.41
50.82
60.6
63
64.99
49
52.2
53.81
50.2
62.61
54.61
49.4
64.6
52.61
62.21
63.82
61.41
60.99
53
59.42
59
64.2
63.4
49.8
60.2
59.8
58.61
61.8
51.42
60.82
64.8
65.21
63.2
49.59
62.01
52.39
64
61.19
50.01
52.82
59.2
54
59.59
62.39
49.2
58.79
61.61
53.6
51.61
62.79
63.62
51.21
60
64.4
60.38
48.1
61
52.59
63.02
53.8
63.4
60.2
48.99
62.59
64.61
65.02
59.81
61.41
51.38
49.4
58.99
53.4
54.6
61.8
54.2
62.18
64.2
49.81
63.8
50.21
58.59
60.62
59.41
49.59
60.79
57.6
64.39
59.6
63.19
65.2
64.79
60.41
53.6
61.6
49.18
59.19
63.99
61.2
63.6
60.02
62.01
62.79
54.4
54.01
50.01
58.8
62.4
49
60.21
64.18
62.2
60.61
59.01
63.39
61.39
53.81
51.42
61.79
54.6
49.79
62.59
54.22
49.41
58.61
63.78
59.81
64.61
63
53.39
57.81
60.98
59.42
65
59.18
61.21
53.61
54.38
62.82
61.59
63.2
54.8
54.01
58.01
60.41
63.6
64.81
63.99
49.57
62.39
65.2
59.6
59.99
58.81
49.19
64.38
61.99
50
60.8
62.2
60.58
49.39
60.19
53.82
64.57
49
59.79
65.01
63.41
62.61
53.4
63.01
50.21
50.6
61.8
49.8
59.41
57.81
61.01
61.39
58.2
63.78
64.21
62
61.58
63.21
62.81
63.99
53.99
57.99
62.39
63.6
60.41
53.6
61.21
59.2
51.21
59.59
64.4
65.18
49.21
64.8
50.39
60.81
49.62
50
59.98
49.8
62.21
64.59
56.19
59.01
65
60.62
63.39
61.39
63.81
58.6
61.78
59.78
50.19
50.6
61
57.81
60.19
59.4
62.99
49.39
64.2
62.61
49.01
58.19
62
61.61
58.01
64.8
58.39
61.19
56.4
62.78
59.21
64
63.59
58.78
64.41
63.2
50.41
60.4
49.2
49.6
59.59
62.41
65.18
49.99
60.79
59.99
61.79
65
50.2
62.6
60.19
60.6
58.21
64.61
49
49.81
49.41
50.59
61
61.42
58.99
63
64.21
58.61
63.81
59.38
63.41
59.81
62.2
57.8
56.59
56.19
60.01
56.39
62.03
59.2
49.62
58.8
49.2
58.41
65.19
49.99
63.2
64.02
60.81
60.39
61.6
64.4
57.99
62.79
64.8
62.4
56
59.61
63.59
50.41
61.22
60.2
61.01
64.21
59.4
49.01
49.8
61.41
56.59
63.4
57
58.21
63.8
62.59
49.39
59.8
60.59
57.8
63
58.59
64.61
62.21
50.21
58.99
61.8
56.22
65.01
61.18
49.99
49.19
60.4
63.21
59.58
50.4
62.4
64.79
64.01
56.8
56.4
59.99
60.8
64.4
61.6
61.99
63.6
55.99
62.81
58.81
49.61
65.2
57.99
59.22
57.2
58.4
61
58.6
64.19
49.8
56.6
50.21
58.22
58.98
61.41
62.61
50.6
59.4
57
49.01
63.79
60.21
64.6
63
55.8
57.42
65
60.61
62.18
59.79
61.78
56.19
63.39
57.8
59.19
55.6
56.4
61.2
63.99
64.41
62.79
64.79
63.2
65.19
49.99
60.78
56.79
58.79
60.02
58.39
62
60.39
56
59.61
62.4
50.4
61.59
63.59
57.6
57.21
58.01
64.19
61.79
57.81
64.61
65.01
57
61.41
55.8
59.41
50.2
60.6
49.81
58.2
58.99
62.18
57.4
60.99
62.98
58.6
62.6
63.41
55
56.21
56.62
63.81
59.81
55.39
58.01
49.6
50.38
61.59
55.99
62.41
59.2
60.42
62
57.19
65.2
59.6
55.59
57.59
56.4
58.4
60.81
50.01
62.8
61.2
56.79
63.61
64.01
63.2
64.79
55.21
58.8
59.99
64.4
54.8
60.17
54.61
58.62
60.19
50.59
61
64.21
55.8
58.21
63.79
59.39
61.39
65
55.39
63
56.21
62.6
50.2
57.79
59.79
54.97
49.82
56.61
64.6
57
63.4
49.4
62.2
57.4
58.99
61.8
59.98
58.39
65.2
50.03
64.82
55.19
57.21
61.19
62.81
56.81
58.8
60.4
54.8
49.61
57.6
61.99
64.4
57.98
50.4
59.6
62.41
61.57
63.59
56
63.99
56.39
63.21
59.21
55.59
63.37
49.81
59.4
60.61
64.99
50.21
56.99
59.8
61.39
57.79
58.58
57.39
64.2
49.4
60.19
55.81
58.19
61.8
50.62
54.6
56.61
63.78
56.21
62.19
55
63
64.6
59
55.38
61.01
62.58
56.41
62.8
62.01
57.2
57.99
55.6
60.4
50
56.01
61.6
59.58
64.42
63.61
54.41
55.19
65.21
62.4
60.01
60.82
50.4
63.98
49.58
59.2
54.79
64.79
58.39
50.8
63.21
56.78
58.8
57.6
61.19
59.39
62.59
64.6
64.2
59.79
55.01
54.6
54.19
55.38
61.8
49.4
57
59.03
58.61
55.78
65
50.59
58.2
50.2
56.2
60.99
49.8
62.99
63.4
57.41
60.2
57.82
56.61
63.8
60.59
61.4
62.18
53.58
60.02
62.02
56.81
64.01
60.81
49.59
64.41
55.99
55.58
62.81
53.59
58.79
56.4
54
58
54.4
61.2
63.19
64.81
57.63
63.6
57.21
54.79
59.63
58.39
50
50.4
62.38
60.41
59.21
55.21
61.58
65.2
59.78
55.4
62.2
49.8
58.2
64.6
64.99
50.6
59.01
55.01
56.19
59.39
50.2
60.2
53
55.81
53.79
61.4
57.8
62.61
61.8
63.78
63.41
64.21
56.59
58.59
53.38
60.99
60.59
63.01
54.6
54.2
56.99
57.4
54.8
56.02
58.01
55.19
61.2
54.39
64.4
65.19
59.61
53.6
64.02
53.2
57.61
58.39
55.59
62.79
60.39
63.6
59.19
64.78
58.8
50.8
50.4
56.39
62
62.41
49.99
54
60
56.8
57.19
60.82
63.22
61.6
53.4
61.4
64.2
62.98
59.01
61.8
62.6
54.21
61
63.81
62.19
55.39
57.78
57.38
63.38
64.59
58.6
50.59
53.8
59.8
58.21
56.61
60.21
60.61
55.02
55.79
56.19
59.39
65
56.99
50.2
54.59
54.4
50
60.39
55.59
50.4
58.8
50.79
60.79
56
63.59
56.39
58.41
54.8
60.02
62.41
57.59
57.18
53.61
61.19
63.99
62.02
55.21
59.19
62.81
63.19
59.61
64.8
61.59
53.21
54
64.39
65.21
56.79
58.01
56.2
65.01
63.4
59.03
59.39
57.39
64.21
55
60.21
55.8
62.99
51
55.39
50.22
53.79
60.6
57.8
62.21
58.6
56.59
59.78
51.39
61.81
63.81
50.61
53
54.59
57.01
61
53.4
54.2
64.6
58.2
61.41
62.59
63.23
55.22
51.61
56.8
64.01
58.79
62.41
56
59.61
50.8
63.61
61.99
60.01
55.6
59.18
65.2
64.81
53.59
62.78
50
61.19
57.99
56.41
61.61
58.39
57.59
54
53.2
54.81
60.81
54.39
57.2
50.4
60.41
64.4
58.21
57.4
61.01
53.4
59.78
58.99
55.01
61.4
50.2
55.79
60.61
55.39
57.81
53.01
59.41
54.61
50.99
60.18
56.18
53.79
56.6
63
54.19
64.59
65
58.6
64.2
57
63.79
51.78
51.39
62.22
62.59
61.79
63.4
50.59
55.2
65.2
57.6
59.99
59.22
58.4
53.6
64.01
54.42
64.41
58
52
51.2
56.79
54.01
53.19
60.8
60.4
50.81
55.6
62
51.6
57.19
63.22
52.81
64.83
62.41
63.59
62.8
58.79
61.21
61.59
54.81
59.6
56.4
56.02
62.21
52.6
55.4
65.01
59.4
59.8
64.21
64.61
61
51.01
55.01
58.99
57.02
56.61
52.22
51.4
60.19
63.4
61.81
62.6
53.79
60.62
55.8
58.6
53.39
57.81
54.19
57.39
63.8
56.21
51.79
53
54.59
58.19
63.01
61.42
55.22
54.8
51.59
51.2
64.79
56.41
59.6
53.6
60
52.79
62.81
60.8
57.59
52.42
53.2
61.61
60.39
57.99
58.39
54
54.39
63.59
55.98
57.19
63.2
59.2
64
61.2
58.8
56.8
61.98
62.38
65.2
55.59
51.99
64.4
53.4
62.18
52.61
62.62
58.6
60.6
57.79
63.4
53.01
59.4
52.21
51.82
61.39
57.4
60.21
58.2
59.02
57.01
63
54.6
53.8
61.01
64.6
55.81
61.78
56.21
54.22
55.01
51.41
56.59
64.2
65
55.39
59.79
63.8
58.39
65.2
62
55.2
56.41
56.8
55.62
63.19
62.39
60.81
52.4
64
51.59
57.18
63.61
53.19
61.18
59.59
54.8
58.8
60.4
52
64.43
55.99
52.81
60
53.99
64.8
59.2
62.81
53.61
57.59
58
61.6
54.39
51.19
51.4
64.21
54.59
60.99
64.6
52.6
57.81
56.99
53.4
63.8
59.79
63
61.79
58.21
56.21
55.8
53
52.19
61.41
62.59
57.41
59
51.81
63.4
53.81
60.21
59.41
62.18
58.59
54.22
55.41
56.61
55.02
64.98
60.6
64.4
55.62
56.38
63.61
52.79
60
56.79
58
60.78
54.4
59.59
53.6
61.99
51.59
61.2
61.6
59.19
51.19
63.2
52.4
57.2
62.4
65.18
64
64.79
51.99
62.79
60.4
57.6
53.2
53.99
55.19
54.79
55.98
58.42
58.81
55
56.19
64.2
63.8
51.4
58.21
57.8
59.4
51.79
59.01
60.61
58.6
62.2
56.6
65
55.79
57
64.6
53.4
52.98
57.4
54.21
55.41
63
52.21
59.8
61.38
61.81
54.59
63.39
60.17
61.01
53.79
62.6
52.63
52
53.2
64
60.39
52.81
55.98
53.6
54.4
55.19
63.21
58.81
62.41
59.2
53.98
57.19
52.4
54.8
62
59.61
62.81
58.01
56.8
58.4
61.19
61.6
60.02
56.41
51.6
64.79
65.2
57.6
55.61
64.4
63.61
60.81
52.21
61.01
57.01
59.79
54.6
55
63.8
56.19
57.8
62.21
62.59
65
56.59
59.01
53.78
64.2
53.01
53.41
51.81
64.58
60.22
55.81
58.6
59.41
61.8
52.6
54.2
61.41
55.39
58.19
63.01
60.59
57.4
63.4
53.2
56.38
57.2
63.6
55.2
64.82
59.59
52.8
56
63.22
58.41
64.42
56.8
52
60.8
61.6
53.61
59.19
55.6
53.99
59.99
54.81
64.01
54.41
65.18
58.79
57.61
60.4
52.41
62
61.21
62.8
62.39
58
54.6
60.22
59.4
63.8
56.59
55.39
58.6
62.59
65.01
52.6
59.79
53.81
61.39
62.22
58.99
64.6
55.81
57.81
57
53.39
57.41
60.6
54.21
61.8
62.99
56.21
55.01
64.2
63.39
53.01
52.24
58.21
61
60.4
58.41
60.8
52
53.99
54.39
64.42
57.99
59.59
59.19
62
55.99
55.62
63.2
53.19
65.19
61.2
63.59
55.2
52.8
60.01
58.8
62.4
61.61
62.8
64.8
57.61
54.82
56.79
63.99
56.4
57.2
53.62
52.4
51.8
59.41
52.1
64.61
64.22
54.21
57.8
56.19
52.59
65
53.01
52.19
62.2
56.58
60.19
57
58.19
55.81
63.4
63.81
57.39
55.4
63.01
58.59
60.6
53.8
53.42
59.8
62.6
54.6
61
55
61.8
61.41
59
64.41
61.6
64.01
62.01
55.61
59.2
62.39
60.81
57.21
64.82
56.79
63.19
65.19
53.6
58.39
54.38
60.41
59.99
57.99
52.79
58.8
54
63.6
52.41
55.2
54.81
56
59.62
57.6
53.21
62.82
61.2
56.4
52.47
59.01
53.81
64.6
57.81
60.17
55.82
63.82
57.41
62.99
63.41
65.01
59.8
53.41
62.19
52.99
61.8
55.4
58.59
58.19
54.59
61.41
55.01
57
64.2
56.6
56.18
62.58
59.39
60.59
54.2
52.97
56.39
62.4
57.21
58
64.8
64.4
59.6
63.18
62.8
54.82
53.99
63.6
59.2
55.2
56.78
65.2
61.98
56.01
60.41
53.21
58.41
60
54.4
53.59
61.61
60.8
58.8
57.6
55.6
61.2
64.01
57
53
53.39
63.8
56.2
63.42
54.61
55.4
62.2
59.03
55.01
59.81
62.59
65
59.39
61.8
62.99
64.2
58.2
60.6
53.81
52.59
64.62
57.42
54.2
57.8
58.61
56.58
55.79
52.8
56.42
62.81
58.81
55.61
64.41
53.2
63.59
64.79
60.8
65.21
56.01
53.6
64
61.2
62.39
56.81
57.19
57.61
62.02
54.4
63.21
53.99
55.22
58.41
54.79
58
53.07
53.18
63.39
64.2
63
54.21
55.81
63.81
60.18
57.4
53.4
56.98
58.19
59
53.81
64.99
54.6
58.6
64.6
56.61
56.2
52.59
57.81
55.41
55.01
62.61
62.8
57.21
58
54.39
55.6
54.8
53.59
65.19
59.21
64.42
54
63.19
64.79
52.81
52.67
64
58.39
55.2
63.61
56
56.38
57.61
56.8
53.8
55.41
63.79
53.39
62.61
55
56.6
58.19
54.2
64.99
58.99
62.2
55.8
59.39
57.8
63.01
57
56.23
57.4
54.59
63.39
64.6
64.2
54
55.59
57.6
58.01
54.79
59.2
64.4
54.38
63.58
55.98
56.78
65.2
58.45
57.2
53.6
55.19
64.8
62.83
58.39
64
56.39
63.2
53.41
57.79
58.22
65.01
64.61
56.22
62.99
56.6
54.61
53.8
54.2
55.79
55.4
64.21
57
63.81
63.4
57.39
55.01
56.4
65.2
55.2
56.8
53.59
64.8
64
58
54.8
56
62.79
62.4
55.59
57.62
54.4
57.19
60.41
64.42
53.99
63.2
63.6
55
54.6
62.98
57.4
64.6
63.8
56.59
58.2
57.82
64.2
64.99
54.2
55.8
63.39
53.79
56.2
55.4
56.99
56.8
62.79
55.99
64.01
54.4
58
54
56.39
64.38
55.19
57.61
63.21
65.19
57.2
55.61
63.59
53.61
54.8
64.8
57.42
54.21
64.2
53.79
56.59
63.42
63.81
63
54.58
57
65
57.8
55
55.79
56.21
64.62
55.39
57.18
63.62
64.4
64
63.2
58.02
56.79
65.2
56.41
54.01
54.41
55.6
56
64.81
55.2
57.6
54.79
54.2
53.81
57.79
57.41
64.2
63.4
54.6
55.4
56.59
63.79
56.21
57
65.01
64.61
55.8
55
63.6
55.99
54
64
55.21
54.81
63.19
64.81
57.19
64.38
61.21
56.79
56.4
54.4
55.6
65.2
57.61
56.2
55.81
63.81
53.8
57.39
57
64.21
57.8
54.59
65.01
55.4
54.2
64.6
56.61
55
64.39
65.21
63.61
63.22
56
64.01
64.79
55.61
54.41
57.21
57.62
58
54.01
54.8
56.8
55.21
56.42
56.37
56
55.74
56.7
56.7
56.7
56.78
53.8
64.98
63.01
54.2
56.61
64.59
57.01
56.55
55.41
55.01
64.19
57.4
63.79
54.59
63.39
57.79
65.2
54
64.38
55.22
64.8
58
54.41
53.61
54.8
57.6
57.19
64.01
55.47
55.02
56.58
55.09
57.12
58.2
63.8
64.62
57.39
65
53.87
53.87
54.2
64.21
54.6
57.79
58.4
57.22
65.19
64.79
57.6
64.41
64.01
57.98
54
54.13
56.79
56.8
58.21
57.8
57.42
65.01
64.59
58.59
64.21
63.8
53.9
58.02
65.2
63.61
64.38
64.79
57.21
63.99
58.39
57.6
54.02
54.8
55.04
54.8
58.2
57.4
58.61
64.98
63.79
64.6
64.19
57.8
64
57.25
57.6
64.39
64.8
58.4
58.01
65.19
54.9
58.79
55.51
55.26
54.91
54.47
55.27
57.8
58.18
58.6
64.6
65
57.05
64.2
54.65
54.66
57.59
54.99
54.68
58.8
54.69
58.4
57.59
65.21
58.01
64.39
64.01
54.8
64.79
55.6
55.82
55.56
54.38
56.15
55.1
55.09
54.94
54.6
58.18
58.6
55.8
54.99
59
65.01
56.99
56.2
57.8
64.6
54.78
65.21
64.8
55.62
58.41
57.99
56.8
59.59
58.81
55.99
64.39
57.49
57.72
55.45
55.45
54.75
54.75
54.75
55.05
55.8
59
57.82
58.2
64.59
64.99
57
57.41
54.99
56.53
56.53
58.59
56.6
54.6
55.14
55.14
54.41
65.2
58
59.21
55.6
57.19
56.8
58.41
54.01
54.1
53.98
56
54.79
64.8
58.8
57.59
54.95
54.96
57.3
57.3
56.42
54.37
54.18
55.42
55.02
54.61
57.4
58.6
63.8
57.79
58.99
65
56.21
57
55.8
56.58
58.21
55.17
58.93
55.37
63.99
54.42
57.58
58.4
55.99
54.41
56.38
65.18
56.79
55.21
57.18
58
54.01
55.2
64.78
58.7
58.35
55.88
54.66
54.66
53.88
58.18
57.01
64.98
56.2
55.01
56.6
57.4
54.2
58.02
57.8
57.95
57.99
57.94
57.2
58.4
56.8
57.89
64.79
56.02
54.41
56.4
65.2
57.61
57.68
55.72
57.62
55.96
56.19
54.59
57.4
54.19
56.98
56.6
54.58
54.57
56.82
57.19
65.19
54.4
56.38
54.89
57.1
56.2
56.61
56.99
54.59
56.12
55.4
55.25
54.41
55.6
56.41
65.2
54.35
56.82
55.2
54.8
56.09
54.95
54.95
56.92
56.28
56.08
56.2
55.68
55.01
54.6
56.61
55.39
55.79
55.2
55.6
54.39
54.78
55.42
54.59
55
54.38
54.79
55.2
55
54.6
54.22
55.19
54.81
54.5
54.51
54.12
55.42
55
55.4
54.6
54.21
54.4
54.8
54
55.18
54.59
54.2
53.8
55.81
55.39
55.01
55.56
55.22
54.41
55.58
54.01
54.77
55.09
55.78
55
54.62
55.1
54.18
55.4
55.29
54.81
54.4
55.27
56
55.6
55.25
55.21
54.58
55.4
54.19
55.79
55.06
55.06
55.14
55.99
54.39
55.2
55.6
54.81
55
54.2
55.81
55.39
54.61
54.19
55.19
55.97
55.58
54.38
54.79
55.8
55.01
55.41
54.6
55.19
54.81
54.39
55.61
56
54.61
55
56.6
55.8
56.22
55.39
55.99
54.44
55.6
55.2
54.81
56.19
55.78
58.61
57.81
55.39
57.01
54.6
57.41
55
55.6
56.8
54.78
55.21
58.02
57.22
58.42
57.61
55.99
56.41
58.2
57.81
58.62
56.2
54.99
55.8
55.38
61.4
56.59
56.99
57.4
55.22
56.41
58.39
61.6
54.79
56.8
57.98
57.59
61.21
56.01
55.61
57.21
56.99
55.8
58.61
61
56.21
57.4
55
56.59
61.81
61.39
58.21
55.4
57.78
58.79
60.78
54.79
58.4
62
57.6
61.58
61.22
55.18
57.2
56.8
62.4
56.01
55.59
57.97
56.4
58.21
55.79
55.41
61
56.19
57.4
58.6
60.61
56.99
56.58
61.41
62.19
57.81
55
61.8
56.39
58.81
58
58.39
62
56.8
56
55.21
57.2
55.59
60.81
62.4
61.6
57.59
61.19
58.99
61.41
56.18
54.99
58.6
57.81
58.19
55.41
60.61
62.6
62.2
61.79
59.41
55.8
61
56.58
62.8
60.4
58.41
60.79
55.59
55.18
56.83
62
61.2
61.58
62.4
58
56.42
55.99
58.81
59.21
55.41
59
63
55.79
59.41
56.2
62.2
57
54.61
58.21
61.8
61.38
61
55
60.62
56.61
58.6
62.61
60.2
56.81
59.59
56.4
62.81
55.2
54.6
57.99
62
62.39
58.41
60.81
61.59
63.19
57.2
61.2
54.39
60.42
54.81
55.59
56.01
59.2
58.8
61.79
59.42
57.39
56.19
61.42
58.2
56.99
60.99
55
55.8
62.6
57.79
60.21
59.82
63.01
56.59
60.61
54.61
58.6
59.01
55.42
62.21
58.4
60.4
63.21
59.21
62.81
57.59
56.02
58.79
55.21
61.58
57.23
59.99
59.6
62.01
56.78
55.61
54.8
61.2
62.4
60.82
54.4
58.01
56.41
63
62.2
57.41
62.6
55.8
61.4
61.02
59.4
55.41
56.6
59.8
55.01
54.6
60.2
56.2
58.59
61.8
58.99
58.19
60.61
63.39
57.79
57.01
63.19
62.4
56.41
61.21
59.18
54.4
57.99
60.02
61.61
59.6
60.39
60.8
54.8
62.01
58.79
56.01
58.41
55.2
56.81
55.6
57.2
62.8
57.6
59.01
62.59
62.19
58.6
55.39
60.6
55.01
56.2
61.37
59.79
60.99
62.98
57.39
58.18
56.6
54.62
55.8
57.8
61.8
63.38
57
59.39
60.79
57.21
58.79
62.41
56.4
62.8
60.41
55.6
62
55.2
57.6
63.59
61.2
58.4
56.02
58.01
59.18
59.6
56.79
61.61
60
63.22
55.79
59.38
55.39
58.6
58.98
56.21
62.59
61
55
61.4
56.59
60.6
57.39
63
58.19
63.42
57.01
62.2
61.8
57.81
59.78
59.61
55.2
62.38
60.42
55.99
58.01
63.6
62
61.6
58.81
60.78
59.19
57.6
57.2
56.78
62.8
58.42
55.6
56.39
61.2
63.19
63.41
56.59
59.42
59.79
55
57.8
55.81
62.18
55.38
62.58
59
60.99
58.61
62.99
61.4
60.6
63.82
57.01
57.41
58.21
60.19
56.2
61.81
56.81
55.2
55.99
59.21
61.98
63.59
57.6
60.8
58.8
57.19
55.6
62.38
59.58
62.8
58.4
57.98
61.19
60.39
56.4
61.59
63.2
60.01
57.02
63.81
62.58
57.8
59
60.59
58.6
60.99
63.01
63.38
59.41
55.01
57.39
60.19
59.8
61.82
64.2
61.41
62.21
55.4
58.19
62.4
61.19
57.19
60.4
59.19
58.39
57.99
64
62.01
63.6
59.6
64.8
58.79
60.82
63.19
57.59
61.6
60.01
59.39
61.4
63.8
64.2
61.8
57.8
57.4
58.99
59.79
63.39
58.17
64.61
58.59
60.19
64.98
60.42
63.61
58.39
61.6
64.8
59.61
64.01
60
58
65.19
58.8
57.61
59.2
64.41
64.59
64.2
59.79
58.58
63.78
65.01
59
59.4
58.2
57.78
63.41
64.82
65.19
63.2
58.82
59.59
63.6
59.2
60.4
64
60
64.4
57.98
10
10
10
10
10
10
10
10
10
10
10
10
10
10
10
10
10
10
10
10
10
10
10
10
10
10
10
10
10
10
10
10
10
10
10
10
10
10
10
10
10
10
10
10
10
10
10
10
10
10
10
10
10
10
10
10
10
10
10
10
10
10
10
10
10
10
10
10
10
10
10
10
10
10
10
10
10
10
10
10
10
10
10
10
10
10
10
10
10
10
10
10
10
10
10
10
10
10
10
10
10
10
10
10
10
10
10
10
10
10
10
10
10
10
10
10
10
10
10
10
10
10
10
10
10
10
10
10
10
10
10
10
10
10
10
10
10
10
10
10
10
10
10
10
10
10
10
10
10
10
10
10
10
10
10
10
10
10
10
10
10
10
10
10
10
10
10
10
10
10
10
10
10
10
10
10
10
10
10
10
10
10
10
10
10
10
10
10
10
10
10
10
10
10
10
10
10
10
10
10
10
10
10
10
10
10
10
10
10
10
10
10
10
10
10
10
10
10
10
10
10
10
10
10
10
10
10
10
10
10
10
10
10
10
10
10
10
10
10
10
10
10
10
10
10
10
10
10
10
10
10
10
10
10
10
10
10
10
10
10
10
10
10
10
10
10
10
10
10
10
10
10
10
10
10
10
10
10
10
10
10
10
10
10
10
10
10
10
10
10
10
10
10
10
10
10
10
10
10
10
10
10
10
10
10
10
10
10
10
10
10
10
10
10
10
10
10
10
10
10
10
10
10
10
10
10
10
10
10
10
10
10
10
10
10
10
10
10
10
10
10
10
10
10
10
10
10
10
10
10
10
10
10
10
10
10
10
10
10
10
10
10
10
10
10
10
10
10
10
10
10
10
10
10
10
10
10
10
10
10
10
10
10
10
10
10
10
10
10
10
10
10
10
10
10
10
10
10
10
10
10
10
10
10
10
10
10
10
10
10
10
10
10
10
10
10
10
10
10
10
10
10
10
10
10
10
10
10
10
10
10
10
10
10
10
10
10
10
10
10
10
10
10
10
10
10
10
10
10
10
10
10
10
10
10
10
10
10
10
10
10
10
10
10
10
10
10
10
10
10
10
10
10
10
10
10
10
10
10
10
10
10
10
10
10
10
10
10
10
10
10
10
10
10
10
10
10
10
10
10
10
10
10
10
10
10
10
10
10
10
10
10
10
10
10
10
10
10
10
10
10
10
10
10
10
10
10
10
10
10
10
10
10
10
10
10
10
10
10
10
10
10
10
10
10
10
10
10
10
10
10
10
10
10
10
10
10
10
10
10
10
10
10
10
10
10
10
10
10
10
10
10
10
10
10
10
10
10
10
10
10
10
10
10
10
10
10
10
10
10
10
10
10
10
10
10
10
10
10
10
10
10
10
10
10
10
10
10
10
10
10
10
10
10
10
10
10
10
10
10
10
10
10
10
10
10
10
10
10
10
10
10
10
10
10
10
10
10
10
10
10
10
10
10
10
10
10
10
10
10
10
10
10
10
10
10
10
10
10
10
10
10
10
10
10
10
10
10
10
10
10
10
10
10
10
10
10
10
10
10
10
10
10
10
10
10
10
10
10
10
10
10
10
10
10
10
10
10
10
10
10
10
10
10
10
10
10
10
10
10
10
10
10
10
10
10
10
10
10
10
10
10
10
10
10
10
10
10
10
10
10
10
10
10
10
10
10
10
10
10
10
10
10
10
10
10
10
10
1
10
10
10
10
10
10
10
10
10
1
10
1
10
1
10
10
10
10
10
1
10
10
1
10
10
1
1
10
1
10
10
1
10
10
10
10
10
1
10
1
10
10
10
1
1
1
10
1
1
10
10
10
1
10
10
10
1
1
10
10
10
10
10
10
1
1
1
10
10
1
10
1
10
1
10
1
10
10
10
1
10
10
10
10
10
10
10
1
10
1
1
1
1
1
10
10
1
1
10
10
10
10
1
10
10
1
10
1
1
10
1
10
10
10
10
10
1
10
10
1
10
10
10
1
1
10
1
10
1
10
1
1
1
10
10
1
1
1
1
10
10
10
10
10
1
10
1
1
10
1
1
1
10
1
10
10
1
10
10
10
1
10
10
1
10
10
10
1
1
1
10
10
10
1
1
1
10
10
10
10
10
1
1
1
10
10
1
10
1
10
1
10
1
1
1
1
1
10
1
10
1
10
1
10
10
10
10
1
1
1
10
1
10
10
10
1
1
10
10
1
1
1
10
1
10
10
1
1
10
1
1
10
10
10
1
1
1
10
1
10
10
10
1
1
1
10
1
10
10
1
10
1
10
10
10
10
1
1
1
1
10
1
1
10
1
10
1
10
10
1
1
1
1
1
1
10
10
1
10
1
1
1
10
10
1
1
10
10
1
10
10
1
1
10
1
10
1
1
1
10
1
1
1
1
1
10
10
10
10
10
10
10
1
1
1
1
1
1
1
1
1
10
10
1
10
1
1
1
10
1
1
10
10
1
1
1
1
10
1
10
1
1
10
1
1
10
1
10
10
1
1
1
10
1
1
1
10
10
1
1
10
1
1
1
1
10
1
1
1
1
1
1
10
10
1
1
10
10
10
10
1
1
1
10
1
1
1
1
1
10
1
10
1
1
10
1
1
10
1
10
1
10
10
1
1
1
10
1
10
1
10
10
10
1
1
1
1
1
10
10
10
1
1
1
10
1
1
1
1
10
1
1
10
1
10
1
10
1
10
1
10
1
10
1
1
10
10
1
1
10
10
1
1
1
1
1
1
10
10
1
1
1
1
10
1
1
10
1
10
1
10
10
1
1
1
10
1
10
10
1
1
1
1
10
1
1
1
10
10
1
1
10
10
1
1
10
10
10
1
1
10
1
10
10
1
1
1
1
1
10
10
10
1
1
1
1
1
1
10
1
1
1
1
10
10
1
10
1
1
10
10
10
1
1
1
1
10
1
1
10
1
1
10
1
10
1
10
10
1
1
10
1
1
1
1
1
1
1
10
10
1
10
1
1
1
1
10
10
10
1
1
1
1
10
1
1
10
10
1
10
10
10
1
1
1
1
10
1
1
1
1
1
1
10
1
10
10
10
1
1
1
1
1
10
1
1
1
1
1
1
1
1
1
1
10
10
1
1
10
1
1
1
1
10
1
10
1
10
1
10
10
1
10
10
10
1
1
1
1
1
10
1
1
1
10
10
1
1
10
1
1
10
10
1
1
1
10
10
1
10
1
1
1
1
1
1
1
1
1
1
10
1
10
1
1
10
1
1
10
1
10
1
1
10
1
1
1
1
10
1
1
1
1
10
10
1
1
10
10
1
10
1
1
1
10
10
1
1
1
10
10
1
1
1
10
1
1
1
10
10
1
10
1
1
1
10
1
1
1
1
1
10
10
1
1
1
1
1
1
10
1
1
10
10
1
1
1
10
1
10
1
1
10
10
1
1
1
1
10
10
1
10
10
1
1
1
1
1
1
1
1
1
1
1
1
10
1
10
1
1
1
1
1
1
1
1
10
1
1
1
1
1
1
1
10
1
1
1
1
10
1
10
10
1
10
1
10
1
1
10
10
1
10
10
1
10
1
1
1
1
1
10
1
10
1
1
1
1
1
1
1
1
10
1
1
1
1
10
1
10
10
10
10
1
1
1
1
1
1
1
10
1
1
10
1
1
10
10
1
1
1
1
1
1
1
1
1
10
1
10
1
1
1
1
1
1
1
1
10
1
1
1
1
1
10
1
1
1
1
1
10
1
1
1
1
1
10
1
1
1
1
1
1
1
1
1
1
10
1
1
10
1
10
1
1
1
1
10
10
1
1
10
1
10
1
10
1
1
1
10
1
1
1
1
1
1
1
1
1
1
10
1
1
1
10
1
1
1
1
1
1
1
10
10
1
1
10
1
10
1
1
1
1
1
10
10
1
1
10
1
1
10
1
1
1
1
1
1
1
10
1
1
1
1
10
1
10
1
1
1
1
1
1
1
10
1
1
10
1
1
1
1
10
1
10
1
1
1
1
1
1
1
10
1
1
1
10
1
1
1
10
1
1
1
1
1
10
1
10
1
1
10
1
1
1
1
1
1
1
1
1
1
1
1
1
1
10
1
1
10
10
10
10
1
10
1
1
1
1
1
1
1
1
1
1
1
10
10
1
1
1
1
1
1
1
1
10
1
10
1
1
10
1
1
1
1
1
10
1
1
1
1
1
10
1
1
1
10
1
1
1
10
1
1
1
1
1
1
10
1
10
1
1
1
1
1
10
1
10
1
1
1
1
1
1
1
1
10
10
1
1
10
10
1
1
1
1
1
1
1
10
1
1
10
10
10
1
1
1
10
1
1
1
10
1
1
1
1
1
1
1
1
1
1
10
1
1
10
1
1
1
10
1
10
1
1
1
10
1
10
1
1
1
1
1
1
1
1
1
1
10
1
10
1
1
1
1
1
1
10
10
1
1
1
1
10
1
1
1
10
10
1
1
1
1
10
1
10
1
1
1
1
1
1
1
1
10
1
1
10
10
1
1
1
1
1
1
1
1
1
1
10
1
1
1
10
1
1
10
1
10
1
10
1
1
1
1
10
1
10
10
1
1
1
10
1
1
1
1
1
1
1
10
10
1
1
1
1
10
1
1
10
1
1
1
1
1
10
10
1
1
10
1
1
1
1
1
10
1
1
1
1
1
1
10
1
10
10
1
1
10
1
1
10
1
10
10
1
1
1
1
1
1
1
1
1
10
1
1
1
1
1
1
1
10
1
1
1
1
1
10
1
1
1
10
1
10
10
10
1
1
10
1
1
1
1
1
1
1
1
1
10
1
1
10
1
1
1
1
1
10
1
1
10
10
1
10
10
1
1
10
1
1
1
10
1
1
1
1
1
1
1
1
1
1
1
1
1
1
10
1
1
1
10
1
10
1
1
10
1
1
1
10
10
1
1
10
10
1
1
1
1
10
1
1
1
1
1
1
1
1
10
1
1
10
1
10
10
1
10
1
1
10
1
10
1
1
1
10
1
10
1
1
1
1
1
1
1
10
10
10
1
1
10
1
1
1
1
1
1
1
10
1
1
10
1
1
1
1
1
1
10
10
1
1
1
1
1
1
10
1
10
1
10
10
1
1
10
1
1
10
1
1
1
1
1
1
10
1
10
1
1
1
1
10
1
10
1
1
1
10
1
1
1
1
10
10
10
1
1
1
1
1
1
10
1
10
1
1
10
1
1
1
1
10
10
1
10
1
10
1
1
1
10
10
1
10
1
1
1
1
1
1
10
1
10
10
1
1
1
10
1
1
1
10
10
1
1
1
10
10
1
1
1
1
1
10
1
10
10
1
1
10
1
10
10
1
1
1
10
10
1
1
10
1
1
1
1
1
10
1
10
1
1
1
1
10
1
1
10
10
1
1
10
1
1
10
1
1
10
1
1
10
10
10
1
1
10
1
1
1
1
10
1
1
10
10
10
10
1
1
10
1
1
1
1
1
10
1
1
1
1
1
1
1
10
10
1
1
1
10
1
1
10
10
1
1
10
1
1
10
1
1
10
10
1
10
1
1
1
1
1
10
1
1
1
10
1
1
1
10
1
1
10
1
1
10
1
1
10
10
10
10
1
10
10
1
1
1
1
1
1
1
1
1
1
1
1
1
1
1
1
1
1
10
10
1
1
10
1
1
1
1
10
1
10
1
10
1
10
1
10
1
10
1
1
1
1
1
1
10
1
1
1
1
1
1
10
10
1
10
1
1
1
10
1
1
1
1
10
10
1
10
10
1
1
1
1
1
1
1
1
10
10
1
10
10
1
1
10
10
10
10
1
10
1
1
10
2
2
2
1
1
1
10
10
10
10
1
10
1
1
10
10
1
1
10
2
1
2
2
2
2
2
1
1
1
10
10
1
10
2
2
1
2
2
1
2
1
1
10
1
10
10
2
10
2
2
2
2
2
2
2
2
2
1
1
2
2
1
10
1
2
1
10
2
10
10
2
1
1
1
1
1
2
10
1
1
2
2
2
2
2
2
2
1
1
1
10
10
1
1
2
1
1
1
1
2
2
2
2
10
1
1
2
1
1
1
2
2
2
2
2
10
1
1
2
2
1
1
1
2
2
2
2
2
1
1
10
1
1
10
1
1
2
1
1
2
1
2
10
2
1
1
2
2
1
10
1
2
1
1
2
2
10
1
1
2
2
2
2
1
1
10
1
2
1
1
2
1
1
1
1
1
1
1
1
1
10
1
2
1
10
1
1
1
1
1
1
2
1
2
1
1
2
2
1
1
10
2
1
2
1
1
1
1
2
2
2
2
2
2
1
10
2
1
2
2
2
2
2
1
2
2
2
2
2
2
1
2
2
2
2
2
2
10
2
2
2
2
2
2
2
2
2
2
2
2
2
2
2
2
2
2
2
2
2
2
2
2
2
3
3
2
3
2
2
3
2
2
2
3
2
2
2
2
3
2
2
2
3
3
3
3
3
3
3
3
3
3
3
3
3
3
3
3
3
3
3
3
3
3
3
3
3
3
3
3
3
3
3
3
3
3
3
3
3
3
3
3
3
3
3
3
3
3
3
3
3
3
3
3
3
3
3
3
3
3
3
3
3
3
3
3
3
3
3
3
3
3
3
3
3
3
3
3
3
3
3
3
3
3
3
3
3
3
3
3
3
3
3
3
3
3
3
3
3
3
3
3
3
3
3
3
3
3
3
3
3
3
3
3
3
3
3
3
3
3
3
3
3
3
3
3
3
3
3
3
3
3
3
3
3
3
3
3
3
3
3
3
3
3
3
3
3
3
3
3
3
3
3
3
3
3
3
3
3
3
3
3
3
3
3
3
3
3
3
3
3
3
3
3
3
3
3
3
3
3
3
3
3
3
3
3
3
3
3
3
3
3
3
3
3
3
3
3
3
3
3
3
3
3
3
3
3
3
3
3
3
3
3
3
3
3
3
3
3
3
3
3
3
3
3
3
3
3
3
3
3
3
3
3
3
3
3
3
3
3
3
3
3
3
3
3
3
3
3
3
3
3
3
3
3
3
3
3
3
3
3
3
3
3
3
3
3
3
3
3
3
3
3
3
3
3
3
3
3
3
3
3
3
3
3
3
3
3
3
3
3
3
3
3
3
3
3
3
3
3
3
3
3
3
3
3
3
3
3
3
3
3
3
3
3
3
3
3
3
3
3
3
3
3
3
3
3
3
3
3
3
3
3
3
3
3
3
3
3
3
3
3
3
3
3
3
3
3
3
3
3
3
3
3
3
3
3
3
3
3
3
3
3
3
3
3
3
3
3
3
3
3
3
3
3
3
3
3
3
3
3
3
3
3
3
3
3
3
3
3
3
3
3
3
3
3
3
3
3
3
3
3
3
3
3
3
3
3
3
3
3
3
3
3
3
3
3
3
3
3
3
3
3
3
3
3
3
3
3
3
3
3
3
3
3
3
3
3
3
3
3
3
3
3
3
3
3
3
3
3
3
3
3
3
3
3
3
3
3
3
3
3
3
3
3
3
3
3
3
3
3
3
3
3
3
3
3
3
3
3
3
3
3
3
3
3
3
3
3
3
3
3
3
3
3
3
3
3
3
3
3
3
3
3
3
3
3
3
3
3
3
3
3
3
3
3
3
3
3
3
3
3
3
3
3
3
3
3
3
3
3
3
3
3
3
3
3
