 key  value 
13 964.815
14 889.935
16 893.995
18 906.665
48 882.955
49 1234.79
64 898.945
68 968.15
70 952.305
71 869.305
78 872.495
80 1212.87
86 1208.23
88 859.985
96 895.355
109 937.965
112 1022.51
118 869.015
119 1208.37
128 895.775
129 885.175
144 860.135
145 846.025
148 902.065
150 918.595
151 861.385
160 1187.52
170 844.575
176 1185.42
178 836.455
184 927.905
185 949.72
191 1177.59
206 822.725
212 850.715
213 843.265
216 935.33
217 903.965
219 1156.39
220 814.265
222 817.885
224 1168.81
226 928.75
243 891.625
255 1155.74
258 838.235
264 813.325
270 792.075
283 868.605
288 1138.27
293 849.815
300 874.795
304 856.935
305 795.055
307 799.515
309 1127.66
311 821.035
315 910
318 827.335
320 825.405
333 765.175
348 777.605
350 805.345
353 891.86
368 1213.95
372 1103.99
374 785.635
378 769.475
384 783.355
386 842.505
392 873.72
394 821.185
397 762.245
418 747.975
427 798.545
436 1080.52
440 925.53
441 735.485
444 993.655
446 748.705
448 831.895
482 758.285
492 778.145
496 1059.33
497 726.535
511 801.295
512 854.63
516 734.915
545 712.305
555 712.245
560 831.38
565 781.365
572 721.705
576 790.795
581 1038.32
584 10000
588 756.965
590 698.575
609 732.605
639 1009.34
656 812.25
658 684.635
660 760.865
672 739.855
678 789.01
689 675.125
709 711.725
730 687.785
736 698.485
742 966.424
743 661.655
761 769.42
768 673.455
769 720.045
772 814.02
773 699.855
776 749.28
786 651.395
797 661.305
815 637.925
819 935.924
821 679.665
834 915.444
847 719.58
856 639.295
879 615.345
884 617.765
888 699.5
892 950.194
894 658.255
896 615.115
905 615.255
908 886.384
918 634.905
935 593.345
944 595.725
949 592.585
956 588.475
961 679.04
967 861.304
976 578.665
981 658.57
984 566.475
987 570.325
1008 588.175
1010 612.895
1020 572.705
1021 570.495
1024 777.03
1028 546.035
1030 591.335
1032 818.544
1064 550.835
1065 547.325
1067 544.965
1070 638.82
1088 820.144
1089 524.465
1091 617.41
1106 789.164
1123 570.105
1139 547.995
1151 769.494
1176 523.105
1180 589.4
1182 501.375
1203 479.295
1208 499.815
1211 566.23
1240 813.06
1243 518.035
1244 740.374
1280 689.22
1283 458.905
1286 496.085
1290 473.695
1316 717.974
1320 468.025
1321 545.44
1323 448.935
1340 522.32
1360 442.935
1369 434.665
1372 627.02
1373 466.925
1379 694.044
1413 445.425
1424 705.492
1429 665.794
1436 440.915
1438 412.785
1440 443.974
1441 500.82
1448 423.925
1460 398.265
1461 400.705
1462 389.665
1468 622.104
1472 460.83
1478 593.764
1484 394.395
1485 479.18
1494 568.864
1504 419.655
1531 397.125
1536 374.455
1541 378.705
1572 719.72
1574 539.964
1579 457.6
1584 571.634
1585 365.775
1589 586.82
1599 560.03
1600 502.034
1608 611.502
1613 516.804
1620 437.79
1632 354.825
1641 368.355
1644 461.834
1648 493.644
1650 497.88
1656 648.27
1658 345.795
1660 355.845
1664 348.955
1665 540.04
1673 477.824
1679 434.974
1680 344.895
1683 476.46
1687 335.185
1688 325.325
1695 519.83
1726 415.2
1760 477.29
1767 393.88
1780 643.28
1781 448.444
1783 299.985
1791 454.75
1793 322.335
1804 415.47
1806 403.754
1812 313.595
1816 650.57
1822 300.175
1824 289.845
1826 278.205
1831 381.034
1832 428.544
1844 431.52
1872 498.36
1873 365.74
1886 342.92
1904 260.045
1917 400.404
1920 630.02
1927 260.645
1929 253.015
1931 410.62
1933 353.164
1942 277.305
1952 364.51
1955 230.245
1957 253.995
1962 325.894
1968 237.275
1970 373.114
1972 388.45
1976 235.095
1982 238.315
1984 368.18
1992 319.37
2016 350.634
2019 294.54
2032 346.42
2043 327.554
2048 438.3
2067 229.965
2071 215.585
2074 300.054
2080 322.05
2085 208.075
2090 191.555
2105 205.515
2111 187.635
2116 274.544
2124 294.65
2128 296.704
2130 268.75
2139 323.87
2144 237.53
2158 249.57
2160 317.48
2163 273.04
2172 167.275
2173 271.904
2176 167.365
2181 227.83
2192 435.49
2194 162.305
2196 167.045
2198 249.594
2204 177.545
2208 703.44
2214 142.765
2216 142.935
2218 233.42
2220 783.43
2221 223.464
2222 199.83
2224 140.675
2227 154.475
2234 241.404
2261 173.285
2272 120.295
2273 217.324
2279 124.015
2281 191.174
2295 193.295
2297 117.635
2304 99.9249
2316 101.555
2317 168.024
2318 94.5949
2320 163.664
2325 146.105
2326 188.154
2328 567.63
2333 96.5449
2336 289.334
2339 164.594
2347 121.935
2352 620.75
2364 71.8849
2366 137.444
2368 604.88
2370 73.0549
2376 73.7749
2380 51.0049
2384 214.484
2385 48.8949
2392 114.774
2400 819.2
2407 140.494
2408 97.5949
2432 631.37
2434 49.0649
2436 10000
2437 23.8549
2440 90.3841
2443 37.5741
2444 64.6541
2448 25.4449
2453 113.804
2456 7.4641
2462 68.1041
2464 780.53
2465 108.084
2472 8.7849
2473 139.304
2474 29.1241
2476 60.8041
2477 90.3341
2478 0
2480 11.1481
2481 0.2149
2484 671.72
2486 0.6081
2491 163.424
2496 674.19
2508 63.9649
2510 126.834
2512 11.7281
2513 193.444
2514 101.785
2518 78.2949
2527 89.2349
2552 105.645
2560 185.405
2561 129.425
2592 152.925
