 key  value 
0 308.01
2 232.07
4 349.02
8 34.55
10 197.96
12 311.06
13 382.66
14 155.97
16 207.83
18 0
20 1031.04
22 80.35
24 1056.36
30 180.83
31 44.24
32 122.72
33 274.31
35 157.38
36 262.56
40 1005.12
43 60.36
44 209.24
47 233.22
48 110.81
49 911.94
50 185.64
51 82.5
54 288.21
58 133.5
64 64.12
68 425.09
70 317.77
78 43.91
96 237.01
108 402.28
112 359.21
114 230.76
116 255.73
118 204.05
119 887.4
128 219.38
129 21.15
142 864.95
156 35.8
161 258.51
192 299.29
218 63.29
240 192.11
241 305.58
244 239.92
246 282.39
248 72.74
256 275.08
262 839.1
265 810
274 326.32
282 85.25
289 97.86
308 94.5
320 111.65
327 107.17
330 117.81
358 131.58
367 120.99
368 755.59
369 782.19
383 365.69
409 142.25
410 414.24
416 195.3
417 439.64
419 389.23
421 155.3
424 1069.12
428 152.87
429 587.21
432 644.72
433 615.01
442 696.44
448 325.96
449 141.76
453 727.73
479 164.09
484 671.03
488 189.95
494 564.77
496 921.09
501 175.11
504 484.02
512 415.57
518 643.01
520 267.46
522 190.64
523 511.75
528 291.71
529 540.52
532 163.61
536 570.15
539 185.64
541 198.34
548 216.67
566 190.67
640 224.91
643 234.93
648 252.16
654 221.14
679 243.35
683 274.85
688 247.32
705 256.84
736 277.52
745 280.08
748 473.67
750 282.18
756 277.1
768 311.62
780 299.17
786 335.74
796 315.02
813 304.32
832 700.18
836 325.16
838 325.03
857 336.89
873 360.76
879 380.64
880 346.38
887 352
892 1132.54
893 404.35
896 428.19
937 373.81
944 378.21
946 380.09
948 1105.69
949 384.54
951 405.05
960 426.62
972 399.91
985 447.57
992 398.74
1005 548.39
1006 577.38
1008 404.28
1011 401.5
1015 405.83
1020 524.68
1021 427.55
1023 435.16
1028 449.69
1032 10000
1033 421.12
1034 524.87
1040 655.48
1044 423.32
1047 605.52
1068 630.15
1072 424.66
1074 472.05
1075 500.18
1084 673.01
1085 444.15
1088 10000
1091 444.22
1095 462.03
1104 485.22
1116 679.86
1120 449.86
1129 706.4
1133 730.71
1144 472.06
1152 514.49
1161 470.4
1166 497.43
1182 507.87
1203 529.68
1213 754.76
1227 502.72
1247 508.01
1250 519.96
1264 805.71
1280 546.1
1283 552.26
1291 523.21
1305 779.78
1314 544.74
1319 530.71
1327 566.9
1339 845.1
1369 589.84
1375 554.17
1381 544.03
1401 567.03
1408 10000
1411 589.73
1436 569.14
1438 611.73
1440 884.15
1445 576.46
1456 600.81
1460 600.01
1462 635.91
1472 572.05
1486 912.55
1498 601.34
1513 625.84
1519 941.84
1532 624.01
1536 736.93
1540 970.54
1573 648.76
1584 1119.65
1585 674.55
1587 999.25
1589 621.57
1600 1028.85
1608 10000
1610 647.65
1611 697.07
1652 672.39
1687 675.22
1711 732.48
1738 693.99
1748 716.59
1763 701.16
1783 756.24
1792 690.39
1819 738.92
1822 729.18
1826 776.68
1896 751.88
1918 814.86
1943 776.65
1965 780.29
2000 765.75
2010 799.68
2012 825.34
2014 836.71
2025 865.38
2038 826.64
2048 779.87
2052 802.93
2081 822.26
2087 827.29
2112 887.34
2120 862.17
2144 835.7
2145 846.29
2149 885.45
2172 868.96
2176 895.55
2181 851.57
2189 910.57
2208 875.28
2222 874.65
2232 905.83
2240 862.42
2250 932.04
2252 898.02
2253 925.16
2256 892.74
2260 946.79
2266 954.96
2272 921.56
2286 957.41
2290 929.2
2295 898.87
2300 940.54
2301 922.77
2304 983.84
2318 984.24
2327 982.12
2330 993.99
2333 954.21
2351 1006.53
2355 1016.06
2356 977.13
2360 921.8
2362 947.01
2364 1004.65
2384 1083.82
2387 968.15
2389 1028.63
2390 1026.68
2392 1040.76
2399 1014.57
2412 992.06
2416 1101.41
2418 1038.73
2424 1050.53
2427 1064.72
2430 1077.42
2432 961.53
2444 1079.26
2456 1061.32
2460 993.82
2462 1085.84
2464 928.93
2465 1088.26
2468 1016.1
2472 1062.24
2473 1099.76
2476 1101.49
2477 1108.07
2478 1120.08
2480 1093.89
2486 1083.35
2488 1073.26
2491 1123.88
2493 1045.75
2496 1004.35
2507 1039.23
2510 1107.01
2512 1094.47
2513 1153.9
2514 1091.68
2518 1068.19
2527 1069.2
2536 1109.94
2552 1085.61
2560 1089.69
2561 1109.39
2592 1132.89
