 key  value 
0 4
2 131
4 13
8 18
10 2
13 61
14 10
16 50
18 31
22 107
30 35
31 22
32 14
33 0
35 58
36 47
43 8
44 50
47 44
48 51
49 119
50 35
51 43
53 37
54 36
58 48
61 68
70 54
78 129
104 25
105 10
107 32
109 13
114 44
116 47
118 30
119 142
122 68
129 18
131 33
142 262
148 116
149 105
161 114
170 151
177 149
185 68
209 177
217 192
226 185
232 122
240 220
241 246
246 161
257 159
262 265
265 369
274 241
280 257
301 209
315 226
323 283
331 301
342 315
368 453
369 368
375 232
381 331
383 274
395 379
409 381
410 419
413 387
417 410
419 383
422 342
426 350
429 494
433 429
441 333
442 484
449 327
453 442
460 409
465 422
467 460
484 518
488 499
494 529
500 544
504 417
505 375
513 422
518 433
523 504
529 523
549 513
579 467
615 579
626 595
640 615
642 505
653 549
679 659
685 653
688 640
694 592
705 688
723 685
729 715
745 705
752 642
758 745
773 769
775 758
786 775
795 752
802 723
833 802
850 784
863 795
871 863
879 786
893 879
901 833
921 901
959 871
960 893
971 959
985 960
995 931
1002 921
1004 971
1005 1034
1006 1005
1026 978
1034 1075
1037 998
1040 1068
1043 1008
1044 1002
1047 1006
1054 971
1061 1022
1068 1047
1074 985
1075 1074
1082 1075
1101 1054
1110 1033
1112 1044
1116 1040
1127 1048
1129 1116
1133 1129
1164 1112
1169 1146
1187 1101
1194 1187
1200 1171
1213 1133
1234 1164
1250 1204
1264 1305
1284 1253
1287 1234
1289 1300
1305 1213
1307 1194
1309 1203
1339 1264
1352 1307
1361 1287
1399 1361
1438 1403
1440 1339
1446 1352
1464 1444
1486 1440
1491 1446
1509 1471
1519 1486
1521 1399
1536 1499
1537 1521
1540 1519
1545 1514
1587 1540
1589 1491
1598 1457
1600 1587
1603 1596
1651 1537
1685 1651
1703 1778
1782 1685
1838 1782
1923 1838
1953 1923
2058 1953
2087 2058
2098 2091
2181 2087
2222 2181
2292 2255
2295 2222
2301 2295
2351 2327
2362 2301
2366 2311
2367 2362
2376 2367
2387 2362
2393 2376
2412 2387
2421 2393
2434 2376
2437 2421
2440 2444
2442 2387
2443 2474
2444 2443
2453 2440
2456 2437
2460 2419
2462 2443
2464 2422
2465 2444
2468 2412
2472 2421
2473 2453
2474 2456
2476 2443
2477 2462
2478 2536
2484 2496
2486 2472
2488 2467
2491 2473
2493 2468
2500 2455
2507 2468
2510 2465
2512 2486
2513 2491
2514 2518
2518 2507
2523 2500
2527 2493
2536 2512
2549 2516
2552 2527
2561 2552
2592 2561
