 key  value 
0 33
2 10
4 0
10 14
13 4
14 32
16 17
17 21
18 129
21 36
22 31
31 18
32 22
33 2
35 50
36 54
38 64
43 51
44 47
47 36
48 58
49 119
50 44
51 48
54 70
58 35
68 108
78 43
104 70
108 13
118 16
119 142
129 78
137 39
141 104
142 262
197 70
213 177
230 197
232 147
241 141
260 153
262 265
265 369
270 240
277 241
279 236
284 293
286 262
293 277
295 230
329 324
343 295
356 284
367 282
368 453
369 368
384 356
420 433
429 494
433 429
438 436
442 484
445 477
453 442
457 343
482 384
484 518
494 529
505 412
518 433
529 559
554 457
559 568
568 554
572 482
689 572
736 709
775 786
786 689
857 775
859 857
879 786
881 859
893 879
944 881
948 911
951 879
960 893
969 944
980 966
985 960
1003 925
1005 1034
1006 1005
1021 951
1028 1021
1032 1001
1034 1075
1037 969
1040 1068
1047 1006
1064 983
1065 1021
1068 1047
1073 1048
1074 985
1075 1074
1103 1051
1104 1028
1111 1037
1116 1040
1119 1065
1120 1111
1129 1116
1133 1129
1137 1131
1139 1120
1142 1119
1172 1139
1182 1104
1193 1141
1202 1172
1203 1182
1211 1186
1213 1133
1229 1142
1256 1139
1264 1305
1283 1203
1304 1229
1305 1213
1321 1202
1335 1315
1339 1264
1343 1321
1357 1415
1359 1304
1369 1283
1378 1273
1438 1369
1440 1339
1442 1344
1443 1343
1446 1397
1456 1359
1462 1438
1474 1443
1486 1440
1489 1456
1517 1403
1519 1486
1527 1489
1528 1462
1540 1519
1577 1487
1585 1462
1587 1540
1589 1474
1593 1512
1600 1587
1611 1585
1626 1528
1632 1527
1665 1560
1686 1632
1711 1611
1719 1626
1735 1618
1749 1719
1755 1686
1783 1711
1818 1755
1825 1789
1826 1783
1829 1749
1885 1829
1892 1865
1912 1818
1918 1826
1935 1828
1969 1885
1985 1912
2006 1892
2014 1918
2025 2014
2033 1969
2067 1985
2081 2010
2109 2033
2112 2025
2138 2067
2149 2109
2175 2138
2189 2112
2216 2149
2247 2175
2250 2189
2261 2233
2266 2250
2269 2231
2286 2250
2287 2216
2295 2247
2301 2295
2321 2287
2326 2259
2327 2286
2330 2266
2351 2327
2355 2330
2357 2321
2362 2301
2387 2362
2389 2351
2391 2365
2392 2355
2394 2352
2399 2357
2402 2363
2412 2387
2414 2396
2418 2399
2424 2389
2427 2389
2430 2392
2443 2420
2444 2424
2456 2418
2462 2427
2465 2424
2468 2412
2473 2430
2476 2444
2477 2462
2478 2536
2486 2456
2491 2473
2493 2468
2504 2451
2507 2468
2509 2445
2510 2465
2512 2486
2513 2491
2514 2518
2516 2460
2518 2507
2527 2493
2532 2494
2536 2512
2549 2516
2552 2527
2554 2515
2561 2552
2592 2561
