 key  value 
13 109
14 71
16 118
18 129
36 47
48 88
49 86
57 0
68 185
70 184
71 213
77 148
78 170
85 173
86 191
88 178
98 192
109 150
118 145
119 176
129 151
141 217
145 222
150 243
151 258
170 206
176 219
178 220
183 246
184 217
185 226
191 255
203 222
206 307
213 311
215 184
217 300
219 309
220 270
222 305
224 263
226 315
243 283
255 309
258 264
264 374
267 297
270 378
283 386
290 382
293 318
297 349
300 293
305 333
307 348
309 372
311 427
313 328
315 267
318 350
333 441
340 462
348 446
349 448
350 384
359 392
372 436
374 397
378 418
384 482
386 394
394 511
397 516
401 390
418 497
422 465
427 492
436 496
441 545
446 497
448 468
454 510
468 576
471 589
482 572
489 562
492 588
496 581
497 590
511 565
516 555
545 658
555 658
565 660
572 590
576 630
580 561
581 639
585 624
588 609
590 689
609 709
630 712
639 742
658 743
660 672
672 769
689 786
705 745
709 730
712 726
726 811
730 797
736 801
742 819
743 815
769 773
773 821
786 879
797 840
811 821
815 905
819 834
821 894
829 863
834 908
840 916
852 870
879 935
894 918
905 949
908 967
913 940
916 923
918 1010
923 998
935 1021
949 987
967 1032
986 1056
987 1065
998 1037
1010 1030
1021 1028
1027 1121
1028 1089
1030 1123
1032 1106
1037 1131
1050 1090
1065 1089
1089 1182
1105 1155
1106 1151
1111 1137
1120 1111
1123 1120
1131 1153
1136 1250
1137 1242
1148 1226
1151 1244
1153 1235
1159 1191
1182 1203
1203 1283
1235 1257
1240 1272
1242 1261
1244 1316
1256 1243
1257 1375
1261 1365
1283 1369
1316 1379
1343 1450
1365 1418
1369 1438
1374 1405
1375 1395
1379 1429
1395 1497
1417 1499
1418 1506
1429 1501
1438 1462
1462 1585
1467 1591
1497 1552
1501 1543
1506 1532
1532 1663
1543 1638
1552 1653
1585 1658
1589 1599
1596 1603
1599 1665
1600 1673
1602 1733
1638 1741
1648 1673
1650 1683
1653 1686
1658 1688
1663 1675
1665 1695
1673 1781
1675 1811
1678 1795
1683 1791
1685 1782
1686 1784
1688 1783
1695 1650
1711 1783
1741 1742
1742 1875
1758 1849
1781 1832
1783 1826
1784 1819
1787 1820
1791 1844
1794 1742
1811 1818
1814 1925
1818 1950
1819 1943
1826 1929
1830 1880
1832 1917
1844 1931
1854 1897
1875 1901
1901 1987
1917 1970
1926 1975
1929 1955
1931 1972
1941 1894
1943 1971
1946 1974
1950 1968
1952 2004
1955 2085
1957 2067
1968 2081
1970 2066
1971 2061
1972 1984
1977 2049
1984 2032
1987 2029
2024 2145
2026 2072
2029 2026
2032 2139
2050 2142
2061 2109
2066 2088
2072 2117
2078 2108
2081 2094
2085 2112
2088 2200
2094 2195
2109 2194
2112 2189
2117 2184
2124 2163
2139 2124
2157 2164
2158 2181
2163 2158
2170 2178
2181 2222
2184 2215
2189 2225
2194 2224
2195 2216
2199 2209
2200 2210
2202 2289
2210 2284
2215 2291
2216 2194
2222 2295
2224 2297
2225 2271
2261 2325
2271 2327
2279 2316
2284 2307
2288 2263
2291 2308
2293 2275
2295 2261
2297 2304
2304 2359
2307 2374
2308 2363
2323 2303
2325 2347
2327 2351
2346 2398
2347 2408
2351 2404
2356 2321
2359 2389
2363 2377
2367 2376
2374 2388
2376 2434
2377 2439
2380 2438
2388 2430
2389 2440
2404 2440
2408 2376
2410 2466
2430 2473
2434 2448
2439 2451
2440 2453
2443 2444
2444 2440
2448 2472
2451 2471
2453 2510
2471 2491
2472 2486
2473 2513
2475 2443
2476 2444
2477 2490
2478 2536
2486 2475
2490 2453
2491 2473
2502 2487
2508 2448
2510 2513
2512 2486
2514 2518
2516 2460
2518 2508
2527 2508
2535 2521
2536 2512
2552 2527
2561 2552
2592 2561
