 key  value 
0 33
2 10
4 0
7 46
10 14
13 4
14 32
16 50
18 129
22 31
27 113
30 35
31 18
32 22
33 2
35 58
36 47
43 78
44 50
47 44
48 51
49 119
50 35
51 43
54 36
58 48
65 11
68 108
70 54
107 22
108 13
114 44
118 30
119 142
129 78
142 262
151 78
161 114
170 78
186 78
218 186
228 151
241 246
243 229
246 161
249 281
258 170
260 146
262 265
264 258
265 369
274 241
282 218
289 228
309 372
358 289
367 282
368 453
369 368
374 264
383 274
397 374
409 367
410 419
414 441
417 410
419 383
421 358
429 494
433 429
442 484
450 337
453 442
476 421
479 409
484 518
485 397
494 529
502 399
504 417
518 433
523 504
529 523
533 492
539 479
541 476
548 485
617 541
643 541
645 647
648 548
654 539
668 652
679 654
683 648
688 617
705 643
730 679
745 705
750 688
756 679
763 690
768 683
780 756
786 768
796 745
813 750
836 780
838 813
857 796
868 814
873 857
879 786
880 836
885 893
887 838
893 879
917 868
937 887
942 1005
946 880
948 911
949 873
951 879
960 893
972 937
985 960
1001 967
1005 1034
1006 1005
1011 946
1015 949
1021 951
1023 1015
1028 1021
1030 975
1033 972
1034 1075
1040 1068
1044 1011
1047 1006
1051 1040
1068 1047
1073 1048
1074 985
1075 1074
1085 1033
1091 1044
1094 1056
1095 1023
1104 1028
1111 1037
1116 1040
1124 1082
1129 1116
1132 1077
1133 1129
1140 1126
1144 1085
1146 1128
1161 1091
1166 1095
1177 1154
1182 1104
1185 1091
1203 1182
1213 1133
1227 1161
1236 1140
1247 1144
1250 1166
1255 1179
1264 1305
1283 1203
1291 1227
1296 1206
1305 1213
1307 1219
1314 1250
1319 1247
1322 1198
1327 1314
1339 1264
1352 1279
1369 1283
1371 1338
1375 1319
1381 1291
1391 1366
1401 1381
1411 1327
1415 1360
1438 1369
1440 1339
1445 1375
1457 1433
1460 1445
1462 1438
1486 1440
1498 1401
1505 1426
1513 1411
1516 1434
1519 1486
1532 1460
1540 1519
1573 1513
1582 1536
1585 1462
1587 1540
1589 1498
1600 1587
1609 1563
1610 1532
1611 1585
1652 1573
1666 1559
1687 1610
1711 1611
1738 1652
1746 1728
1748 1738
1763 1687
1783 1711
1792 1683
1819 1748
1821 1802
1822 1763
1826 1783
1866 1787
1896 1822
1918 1826
1943 1819
1965 1896
2009 1902
2010 1943
2014 1918
2025 2014
2052 1965
2081 2010
2084 1963
2087 2052
2112 2025
2137 2099
2145 2081
2172 2145
2181 2087
2189 2112
2198 2106
2222 2181
2232 2172
2250 2189
2266 2250
2270 2216
2286 2250
2290 2232
2295 2222
2301 2295
2315 2274
2327 2286
2330 2266
2333 2290
2350 2332
2351 2327
2353 2336
2355 2330
2356 2333
2362 2301
2370 2333
2387 2362
2389 2351
2392 2355
2399 2356
2407 2355
2412 2387
2418 2399
2424 2389
2427 2389
2430 2392
2434 2393
2444 2424
2456 2418
2460 2415
2462 2427
2465 2424
2468 2412
2473 2430
2476 2444
2477 2462
2478 2536
2484 2432
2486 2456
2488 2467
2491 2473
2493 2468
2500 2455
2507 2468
2510 2465
2512 2486
2513 2491
2514 2518
2518 2507
2523 2500
2527 2493
2536 2512
2549 2516
2552 2527
2561 2552
2592 2561
