 key  value 
13 109
14 71
16 118
18 129
48 88
49 86
59 53
68 185
70 184
71 213
77 148
78 170
85 173
86 191
88 178
109 150
118 145
119 176
129 151
138 261
145 222
150 243
151 258
163 250
170 206
175 245
176 219
178 220
183 246
184 217
185 226
191 255
197 215
206 307
213 311
217 300
219 309
220 270
222 305
226 315
243 283
255 309
258 264
264 374
270 378
283 386
290 382
293 318
300 293
305 333
307 348
309 372
311 427
313 328
315 353
318 350
333 441
340 462
348 446
350 384
353 392
357 392
372 436
374 397
378 418
384 482
386 394
390 414
392 512
394 511
397 516
401 390
418 497
424 519
427 492
436 496
441 545
446 497
482 572
489 562
492 588
496 581
497 590
511 565
512 560
516 555
545 658
555 658
560 656
565 660
572 590
581 639
585 624
588 609
590 689
609 709
616 696
639 742
655 666
656 678
658 743
660 672
672 769
678 761
689 786
709 730
730 797
739 809
742 819
743 815
749 772
761 776
769 773
773 821
775 857
776 847
786 879
797 856
815 905
819 834
821 894
825 804
834 908
847 888
856 884
879 935
884 956
888 961
894 918
905 949
908 967
918 1010
935 1021
942 1005
949 987
952 994
956 984
958 975
961 981
967 1032
981 1070
984 1067
987 1065
1010 1030
1019 1033
1021 1028
1024 1077
1028 1089
1030 1123
1032 1106
1063 1090
1065 1089
1067 1176
1070 1091
1083 1172
1089 1182
1091 1180
1106 1151
1123 1139
1137 1242
1139 1243
1151 1244
1172 1223
1176 1208
1178 1195
1180 1211
1182 1203
1203 1283
1208 1290
1211 1321
1229 1283
1243 1286
1244 1316
1263 1353
1283 1369
1285 1344
1286 1373
1290 1323
1316 1379
1320 1324
1321 1340
1323 1448
1332 1444
1340 1441
1369 1438
1373 1413
1379 1429
1412 1495
1413 1504
1429 1468
1438 1462
1441 1485
1445 1460
1448 1461
1461 1541
1462 1585
1467 1591
1468 1478
1478 1494
1485 1579
1494 1574
1504 1531
1510 1559
1531 1641
1541 1660
1555 1656
1574 1613
1579 1620
1585 1658
1589 1599
1596 1603
1599 1665
1600 1673
1613 1648
1620 1726
1633 1735
1641 1680
1644 1679
1648 1644
1650 1683
1654 1697
1658 1688
1660 1687
1665 1695
1673 1781
1678 1795
1679 1806
1680 1793
1683 1791
1687 1812
1688 1783
1695 1650
1726 1767
1749 1829
1767 1873
1780 1842
1781 1832
1783 1826
1788 1845
1791 1844
1793 1822
1806 1831
1811 1818
1812 1824
1822 1942
1824 1927
1826 1929
1830 1880
1831 1933
1832 1917
1844 1931
1854 1897
1873 1886
1886 1992
1913 1948
1917 1970
1919 1969
1927 1982
1929 1955
1931 1972
1933 1962
1936 1973
1942 1957
1944 1952
1955 2085
1957 2067
1962 2074
1968 2081
1970 2016
1972 1984
1977 2049
1982 2071
1984 2032
1992 2019
2011 2049
2016 2043
2019 2130
2026 2072
2032 2139
2043 2128
2067 2105
2071 2090
2074 2116
2085 2111
2090 2196
2105 2204
2111 2194
2116 2198
2124 2163
2128 2173
2130 2218
2139 2124
2154 2199
2158 2181
2160 2124
2163 2158
2173 2234
2180 2230
2181 2222
2190 2219
2194 2224
2196 2214
2198 2221
2204 2227
2212 2249
2214 2272
2218 2222
2221 2281
2222 2295
2224 2297
2226 2178
2227 2279
2234 2273
2261 2325
2272 2333
2273 2326
2279 2316
2281 2317
2287 2321
2295 2261
2297 2318
2316 2370
2317 2366
2318 2364
2322 2353
2325 2347
2326 2339
2333 2370
2339 2407
2347 2408
2364 2380
2366 2392
2370 2385
2376 2434
2380 2437
2385 2437
2392 2440
2406 2391
2407 2392
2408 2376
2422 2433
2434 2448
2437 2472
2440 2444
2443 2474
2444 2443
2448 2472
2453 2440
2456 2486
2462 2443
2465 2444
2472 2481
2473 2453
2474 2456
2476 2443
2477 2462
2481 2478
2486 2478
2490 2465
2491 2473
2494 2445
2508 2448
2510 2465
2513 2491
2514 2518
2518 2508
2527 2508
2552 2527
2561 2552
2592 2561
